0.00000000e+00
3.50541878e+00
0.00000000e+00
0.00000000e+00
0.00000000e+00
0.00000000e+00
0.00000000e+00
0.00000000e+00
2.01522756e+00
1.77295232e+00
1.41960049e+00
0.00000000e+00
0.00000000e+00
1.67934942e+00
0.00000000e+00
0.00000000e+00
0.00000000e+00
0.00000000e+00
0.00000000e+00
0.00000000e+00
0.00000000e+00
4.22297001e+00
3.83906984e+00
5.16198635e+00
0.00000000e+00
0.00000000e+00
0.00000000e+00
0.00000000e+00
1.94976008e+00
1.61819518e+00
0.00000000e+00
3.53722382e+00
0.00000000e+00
2.56605053e+00
0.00000000e+00
0.00000000e+00
0.00000000e+00
5.74473321e-01
2.42045045e+00
0.00000000e+00
0.00000000e+00
1.24991095e+00
5.53426802e-01
0.00000000e+00
0.00000000e+00
9.72173572e-01
0.00000000e+00
0.00000000e+00
2.79281235e+00
0.00000000e+00
0.00000000e+00
4.31264132e-01
0.00000000e+00
0.00000000e+00
3.14796495e+00
0.00000000e+00
0.00000000e+00
0.00000000e+00
6.07817531e-01
0.00000000e+00
0.00000000e+00
0.00000000e+00
0.00000000e+00
1.37561584e+00
0.00000000e+00
0.00000000e+00
0.00000000e+00
4.96423334e-01
0.00000000e+00
0.00000000e+00
5.74365079e-01
0.00000000e+00
0.00000000e+00
0.00000000e+00
1.22671354e+00
2.76794744e+00
0.00000000e+00
1.05957317e+00
0.00000000e+00
0.00000000e+00
0.00000000e+00
0.00000000e+00
0.00000000e+00
0.00000000e+00
0.00000000e+00
0.00000000e+00
0.00000000e+00
0.00000000e+00
0.00000000e+00
0.00000000e+00
2.03561783e+00
0.00000000e+00
0.00000000e+00
0.00000000e+00
1.43433881e+00
0.00000000e+00
0.00000000e+00
0.00000000e+00
0.00000000e+00
1.75978374e+00
0.00000000e+00
0.00000000e+00
0.00000000e+00
2.22569156e+00
3.07415485e+00
0.00000000e+00
0.00000000e+00
0.00000000e+00
0.00000000e+00
0.00000000e+00
0.00000000e+00
6.40002370e-01
0.00000000e+00
1.94299591e+00
0.00000000e+00
0.00000000e+00
1.70066643e+00
0.00000000e+00
0.00000000e+00
1.02705288e+00
2.50929332e+00
0.00000000e+00
1.63763058e+00
0.00000000e+00
0.00000000e+00
0.00000000e+00
0.00000000e+00
2.35837579e+00
0.00000000e+00
5.81562161e-01
0.00000000e+00
0.00000000e+00
1.47102618e+00
1.24944222e+00
3.71062160e+00
0.00000000e+00
2.53859401e+00
0.00000000e+00
1.28808200e+00
2.54013157e+00
0.00000000e+00
1.83236790e+00
0.00000000e+00
8.14522803e-01
0.00000000e+00
2.14597774e+00
0.00000000e+00
5.25276136e+00
0.00000000e+00
0.00000000e+00
0.00000000e+00
0.00000000e+00
0.00000000e+00
1.20643055e+00
0.00000000e+00
0.00000000e+00
1.88119516e-01
0.00000000e+00
0.00000000e+00
3.02765310e-01
4.55394602e+00
0.00000000e+00
2.92662382e+00
0.00000000e+00
0.00000000e+00
0.00000000e+00
3.35676789e+00
3.15222383e+00
0.00000000e+00
0.00000000e+00
3.71295786e+00
0.00000000e+00
0.00000000e+00
3.02626038e+00
0.00000000e+00
0.00000000e+00
4.59868908e+00
0.00000000e+00
2.32638884e+00
5.95211804e-01
0.00000000e+00
4.75410581e-01
0.00000000e+00
7.97463059e-01
0.00000000e+00
0.00000000e+00
0.00000000e+00
0.00000000e+00
2.19018817e-01
9.99169767e-01
0.00000000e+00
0.00000000e+00
0.00000000e+00
0.00000000e+00
0.00000000e+00
0.00000000e+00
9.71448660e-01
0.00000000e+00
4.88087893e-01
0.00000000e+00
3.04416132e+00
0.00000000e+00
0.00000000e+00
9.68783975e-01
0.00000000e+00
0.00000000e+00
3.47943163e+00
8.00179005e-01
0.00000000e+00
0.00000000e+00
0.00000000e+00
0.00000000e+00
0.00000000e+00
0.00000000e+00
2.31183887e+00
0.00000000e+00
0.00000000e+00
3.85025978e+00
0.00000000e+00
0.00000000e+00
0.00000000e+00
0.00000000e+00
0.00000000e+00
0.00000000e+00
0.00000000e+00
0.00000000e+00
0.00000000e+00
0.00000000e+00
5.75155854e-01
0.00000000e+00
0.00000000e+00
0.00000000e+00
0.00000000e+00
5.23664713e-01
0.00000000e+00
0.00000000e+00
0.00000000e+00
3.46515751e+00
0.00000000e+00
0.00000000e+00
0.00000000e+00
1.15039432e+00
0.00000000e+00
0.00000000e+00
2.15149689e+00
0.00000000e+00
0.00000000e+00
3.34422493e+00
1.12260737e-01
0.00000000e+00
0.00000000e+00
0.00000000e+00
0.00000000e+00
0.00000000e+00
0.00000000e+00
5.11364400e-01
0.00000000e+00
0.00000000e+00
0.00000000e+00
0.00000000e+00
0.00000000e+00
0.00000000e+00
3.43750882e+00
0.00000000e+00
0.00000000e+00
0.00000000e+00
2.90999866e+00
0.00000000e+00
6.23407006e-01
0.00000000e+00
1.90873730e+00
0.00000000e+00
0.00000000e+00
1.78937614e-03
4.63481998e+00
4.86628823e-02
0.00000000e+00
0.00000000e+00
2.52156436e-01
3.76299572e+00
0.00000000e+00
1.03832960e+01
0.00000000e+00
1.76221895e+00
0.00000000e+00
3.06998563e+00
0.00000000e+00
0.00000000e+00
0.00000000e+00
4.72402000e+00
0.00000000e+00
0.00000000e+00
0.00000000e+00
1.96465790e-01
0.00000000e+00
6.39489985e+00
0.00000000e+00
0.00000000e+00
0.00000000e+00
0.00000000e+00
0.00000000e+00
0.00000000e+00
2.55077863e+00
0.00000000e+00
4.72744417e+00
0.00000000e+00
1.30898499e+00
0.00000000e+00
2.82697856e-01
0.00000000e+00
2.66955137e+00
1.82399380e+00
0.00000000e+00
1.14283133e+00
2.85122967e+00
0.00000000e+00
1.97712028e+00
0.00000000e+00
0.00000000e+00
0.00000000e+00
6.94990277e-01
0.00000000e+00
0.00000000e+00
0.00000000e+00
0.00000000e+00
0.00000000e+00
0.00000000e+00
0.00000000e+00
0.00000000e+00
0.00000000e+00
0.00000000e+00
0.00000000e+00
0.00000000e+00
0.00000000e+00
3.49634981e+00
0.00000000e+00
0.00000000e+00
0.00000000e+00
0.00000000e+00
0.00000000e+00
0.00000000e+00
0.00000000e+00
0.00000000e+00
0.00000000e+00
1.78651714e+00
1.30355477e+00
3.80815744e+00
1.07277107e+00
0.00000000e+00
0.00000000e+00
0.00000000e+00
9.53152478e-01
0.00000000e+00
3.12094736e+00
9.12755728e-01
0.00000000e+00
0.00000000e+00
7.42624462e-01
0.00000000e+00
0.00000000e+00
0.00000000e+00
0.00000000e+00
0.00000000e+00
0.00000000e+00
2.38993835e+00
0.00000000e+00
1.21332622e+00
3.66031981e+00
0.00000000e+00
0.00000000e+00
0.00000000e+00
0.00000000e+00
0.00000000e+00
1.72233403e+00
0.00000000e+00
0.00000000e+00
1.27547598e+00
3.39701271e+00
0.00000000e+00
0.00000000e+00
0.00000000e+00
0.00000000e+00
4.95125979e-01
1.15796125e+00
0.00000000e+00
1.51580477e+00
0.00000000e+00
2.02602625e-01
0.00000000e+00
0.00000000e+00
0.00000000e+00
0.00000000e+00
0.00000000e+00
7.55945396e+00
0.00000000e+00
3.43236947e+00
0.00000000e+00
3.97374725e+00
6.36441886e-01
0.00000000e+00
0.00000000e+00
0.00000000e+00
0.00000000e+00
0.00000000e+00
3.61873841e+00
3.19013429e+00
0.00000000e+00
0.00000000e+00
0.00000000e+00
0.00000000e+00
0.00000000e+00
0.00000000e+00
0.00000000e+00
0.00000000e+00
2.81524086e+00
4.67375422e+00
0.00000000e+00
0.00000000e+00
0.00000000e+00
0.00000000e+00
0.00000000e+00
3.59630808e-02
3.02308106e+00
0.00000000e+00
4.54204464e+00
0.00000000e+00
0.00000000e+00
1.11983156e+00
0.00000000e+00
1.87266421e+00
0.00000000e+00
1.95722371e-01
1.15159273e+00
0.00000000e+00
0.00000000e+00
0.00000000e+00
1.09893775e+00
0.00000000e+00
0.00000000e+00
0.00000000e+00
0.00000000e+00
7.23300838e+00
0.00000000e+00
2.19948459e+00
6.68868685e+00
0.00000000e+00
0.00000000e+00
1.73523283e+00
0.00000000e+00
0.00000000e+00
0.00000000e+00
0.00000000e+00
3.58225417e+00
0.00000000e+00
0.00000000e+00
0.00000000e+00
0.00000000e+00
0.00000000e+00
2.08864778e-01
3.83112288e+00
1.05910420e+00
0.00000000e+00
5.37519038e-01
5.56716013e+00
0.00000000e+00
1.74043632e+00
0.00000000e+00
0.00000000e+00
0.00000000e+00
0.00000000e+00
2.23304677e+00
2.89129317e-01
0.00000000e+00
0.00000000e+00
2.77986622e+00
0.00000000e+00
1.01183891e+00
0.00000000e+00
9.12634850e-01
0.00000000e+00
0.00000000e+00
0.00000000e+00
0.00000000e+00
0.00000000e+00
0.00000000e+00
0.00000000e+00
2.14714384e+00
0.00000000e+00
0.00000000e+00
0.00000000e+00
5.25426102e+00
6.17420793e-01
0.00000000e+00
3.24508405e+00
8.22962463e-01
0.00000000e+00
1.12254691e+00
0.00000000e+00
0.00000000e+00
1.96673885e-01
0.00000000e+00
0.00000000e+00
0.00000000e+00
0.00000000e+00
6.81311965e-01
0.00000000e+00
1.61631212e-01
0.00000000e+00
0.00000000e+00
0.00000000e+00
0.00000000e+00
0.00000000e+00
0.00000000e+00
0.00000000e+00
4.01551008e+00
0.00000000e+00
2.82632589e+00
0.00000000e+00
0.00000000e+00
0.00000000e+00
0.00000000e+00
1.19379067e+00
6.64919257e-01
0.00000000e+00
0.00000000e+00
0.00000000e+00
6.95641577e-01
2.30005741e+00
3.69163799e+00
0.00000000e+00
0.00000000e+00
0.00000000e+00
2.63595605e+00
0.00000000e+00
0.00000000e+00
2.88757586e+00
0.00000000e+00
0.00000000e+00
0.00000000e+00
0.00000000e+00
1.38843822e+00
0.00000000e+00
0.00000000e+00
0.00000000e+00
0.00000000e+00
0.00000000e+00
7.93860853e-01
1.09658873e+00
0.00000000e+00
1.41821599e+00
0.00000000e+00
6.75675273e-01
0.00000000e+00
0.00000000e+00
0.00000000e+00
0.00000000e+00
0.00000000e+00
4.15648460e-01
1.99187911e+00
1.05938518e+00
0.00000000e+00
4.39303827e+00
4.51590157e+00
0.00000000e+00
2.36721945e+00
3.19446898e+00
0.00000000e+00
0.00000000e+00
0.00000000e+00
3.80193067e+00
0.00000000e+00
0.00000000e+00
0.00000000e+00
0.00000000e+00
0.00000000e+00
0.00000000e+00
0.00000000e+00
0.00000000e+00
2.43869567e+00
0.00000000e+00
0.00000000e+00
0.00000000e+00
0.00000000e+00
0.00000000e+00
0.00000000e+00
6.43916130e-02
0.00000000e+00
2.66848254e+00
0.00000000e+00
0.00000000e+00
0.00000000e+00
0.00000000e+00
0.00000000e+00
0.00000000e+00
0.00000000e+00
0.00000000e+00
0.00000000e+00
0.00000000e+00
1.45603657e-01
5.64093471e-01
0.00000000e+00
0.00000000e+00
3.02337199e-01
5.35202801e-01
0.00000000e+00
0.00000000e+00
2.68488598e+00
0.00000000e+00
0.00000000e+00
0.00000000e+00
0.00000000e+00
5.96784115e+00
0.00000000e+00
0.00000000e+00
0.00000000e+00
0.00000000e+00
0.00000000e+00
1.27640414e+00
2.54149556e+00
9.82280314e-01
2.99794972e-02
2.94036627e-01
0.00000000e+00
0.00000000e+00
1.68482959e+00
0.00000000e+00
3.54027748e-02
0.00000000e+00
0.00000000e+00
1.79754674e+00
0.00000000e+00
0.00000000e+00
2.86134887e+00
0.00000000e+00
0.00000000e+00
2.60977173e+00
3.84257579e+00
0.00000000e+00
0.00000000e+00
0.00000000e+00
6.73216581e-01
0.00000000e+00
0.00000000e+00
0.00000000e+00
0.00000000e+00
0.00000000e+00
0.00000000e+00
2.63644528e+00
5.03060400e-01
0.00000000e+00
0.00000000e+00
0.00000000e+00
0.00000000e+00
0.00000000e+00
0.00000000e+00
0.00000000e+00
0.00000000e+00
7.14541793e-01
1.01062739e+00
0.00000000e+00
7.14309216e-01
0.00000000e+00
0.00000000e+00
0.00000000e+00
0.00000000e+00
0.00000000e+00
0.00000000e+00
0.00000000e+00
0.00000000e+00
0.00000000e+00
1.33958626e+00
0.00000000e+00
2.67418909e+00
0.00000000e+00
0.00000000e+00
0.00000000e+00
0.00000000e+00
2.14856118e-01
5.75890005e-01
1.88945210e+00
1.19461513e+00
0.00000000e+00
3.06681061e+00
0.00000000e+00
5.05340338e-01
0.00000000e+00
0.00000000e+00
0.00000000e+00
0.00000000e+00
0.00000000e+00
3.60150433e+00
0.00000000e+00
0.00000000e+00
0.00000000e+00
2.82158256e-01
0.00000000e+00
0.00000000e+00
0.00000000e+00
0.00000000e+00
0.00000000e+00
7.15133727e-01
0.00000000e+00
0.00000000e+00
0.00000000e+00
0.00000000e+00
0.00000000e+00
0.00000000e+00
1.52721977e+00
1.90660870e+00
0.00000000e+00
3.86573970e-01
6.30694056e+00
0.00000000e+00
0.00000000e+00
2.54337239e+00
0.00000000e+00
3.34483099e+00
0.00000000e+00
0.00000000e+00
3.08920240e+00
3.51770067e+00
2.20705914e+00
5.10373473e-01
0.00000000e+00
0.00000000e+00
0.00000000e+00
1.87174544e-01
4.03566456e+00
1.17255688e+00
0.00000000e+00
0.00000000e+00
1.64409995e+00
0.00000000e+00
0.00000000e+00
0.00000000e+00
2.47736192e+00
2.67009521e+00
0.00000000e+00
3.45574570e+00
0.00000000e+00
0.00000000e+00
4.27836806e-01
0.00000000e+00
5.18934131e-01
0.00000000e+00
2.13157177e+00
0.00000000e+00
0.00000000e+00
0.00000000e+00
0.00000000e+00
0.00000000e+00
0.00000000e+00
0.00000000e+00
0.00000000e+00
0.00000000e+00
0.00000000e+00
0.00000000e+00
1.24170557e-01
0.00000000e+00
0.00000000e+00
7.60152102e-01
2.02688694e+00
1.17412758e+00
0.00000000e+00
1.76283419e+00
3.07119155e+00
2.16630507e+00
0.00000000e+00
0.00000000e+00
3.90236616e+00
0.00000000e+00
1.35067153e+00
0.00000000e+00
0.00000000e+00
2.97618127e+00
0.00000000e+00
0.00000000e+00
1.81363952e+00
0.00000000e+00
1.14718401e+00
1.38435996e+00
0.00000000e+00
0.00000000e+00
2.11053276e+00
0.00000000e+00
0.00000000e+00
0.00000000e+00
2.32454872e+00
7.20760345e-01
0.00000000e+00
0.00000000e+00
3.49723577e-01
0.00000000e+00
0.00000000e+00
1.51851392e+00
0.00000000e+00
0.00000000e+00
0.00000000e+00
0.00000000e+00
0.00000000e+00
0.00000000e+00
0.00000000e+00
0.00000000e+00
3.59098864e+00
2.84434938e+00
0.00000000e+00
3.78229523e+00
0.00000000e+00
0.00000000e+00
0.00000000e+00
0.00000000e+00
4.89551067e+00
0.00000000e+00
0.00000000e+00
0.00000000e+00
0.00000000e+00
0.00000000e+00
0.00000000e+00
0.00000000e+00
0.00000000e+00
5.01432717e-01
0.00000000e+00
0.00000000e+00
1.24056947e+00
0.00000000e+00
3.52702880e+00
5.07107496e-01
0.00000000e+00
0.00000000e+00
3.79014134e-01
0.00000000e+00
0.00000000e+00
0.00000000e+00
0.00000000e+00
4.17583323e+00
0.00000000e+00
0.00000000e+00
0.00000000e+00
0.00000000e+00
3.21736664e-01
0.00000000e+00
1.07888401e+00
0.00000000e+00
0.00000000e+00
0.00000000e+00
0.00000000e+00
0.00000000e+00
3.04716301e+00
0.00000000e+00
0.00000000e+00
2.91583002e-01
0.00000000e+00
0.00000000e+00
0.00000000e+00
1.16808534e+00
0.00000000e+00
0.00000000e+00
0.00000000e+00
0.00000000e+00
0.00000000e+00
0.00000000e+00
0.00000000e+00
2.95907760e+00
1.49640560e-01
1.90339053e+00
3.91742587e+00
0.00000000e+00
1.00818324e+00
0.00000000e+00
0.00000000e+00
0.00000000e+00
0.00000000e+00
3.79877150e-01
0.00000000e+00
2.46107429e-01
1.64463770e+00
0.00000000e+00
0.00000000e+00
0.00000000e+00
0.00000000e+00
0.00000000e+00
2.79814577e+00
0.00000000e+00
0.00000000e+00
0.00000000e+00
6.96777725e+00
3.16710591e+00
7.77609825e-01
1.17394650e+00
0.00000000e+00
0.00000000e+00
0.00000000e+00
0.00000000e+00
2.91678309e-01
0.00000000e+00
0.00000000e+00
0.00000000e+00
0.00000000e+00
0.00000000e+00
3.43503857e+00
0.00000000e+00
0.00000000e+00
0.00000000e+00
2.77134001e-01
0.00000000e+00
2.11645651e+00
0.00000000e+00
0.00000000e+00
0.00000000e+00
0.00000000e+00
3.25908971e+00
0.00000000e+00
0.00000000e+00
0.00000000e+00
0.00000000e+00
0.00000000e+00
2.02489793e-01
0.00000000e+00
2.98266292e-01
0.00000000e+00
0.00000000e+00
0.00000000e+00
0.00000000e+00
0.00000000e+00
0.00000000e+00
0.00000000e+00
0.00000000e+00
0.00000000e+00
0.00000000e+00
6.92182243e-01
0.00000000e+00
4.74669266e+00
0.00000000e+00
2.56183887e+00
7.25309670e-01
0.00000000e+00
2.50872731e+00
0.00000000e+00
0.00000000e+00
0.00000000e+00
0.00000000e+00
0.00000000e+00
0.00000000e+00
3.15069079e-01
4.13092661e+00
3.49519968e-01
0.00000000e+00
0.00000000e+00
0.00000000e+00
0.00000000e+00
8.96345854e-01
0.00000000e+00
0.00000000e+00
0.00000000e+00
0.00000000e+00
4.93031883e+00
0.00000000e+00
0.00000000e+00
4.77744150e+00
0.00000000e+00
0.00000000e+00
7.65404046e-01
0.00000000e+00
0.00000000e+00
2.24762392e+00
0.00000000e+00
0.00000000e+00
2.76678586e+00
0.00000000e+00
0.00000000e+00
0.00000000e+00
0.00000000e+00
3.11321330e+00
0.00000000e+00
0.00000000e+00
0.00000000e+00
0.00000000e+00
0.00000000e+00
0.00000000e+00
0.00000000e+00
0.00000000e+00
0.00000000e+00
0.00000000e+00
4.45586443e+00
0.00000000e+00
0.00000000e+00
0.00000000e+00
0.00000000e+00
6.80722952e+00
2.77859449e+00
0.00000000e+00
0.00000000e+00
2.07530642e+00
2.12790966e-01
3.94339371e+00
0.00000000e+00
0.00000000e+00
0.00000000e+00
0.00000000e+00
3.23449552e-01
2.12668920e+00
0.00000000e+00
1.06329215e+00
0.00000000e+00
1.50535440e+00
5.63531756e-01
0.00000000e+00
0.00000000e+00
6.77045107e-01
0.00000000e+00
0.00000000e+00
0.00000000e+00
0.00000000e+00
0.00000000e+00
0.00000000e+00
4.02233660e-01
1.36322331e+00
0.00000000e+00
0.00000000e+00
0.00000000e+00
0.00000000e+00
0.00000000e+00
6.78407812e+00
2.55676675e+00
