9.66677442e-02
9.66677442e-02
9.66677442e-02
9.66677442e-02
9.66677442e-02
9.66677442e-02
9.66677442e-02
9.66677442e-02
9.66677442e-02
9.66677442e-02
9.66677442e-02
9.66677442e-02
9.66677442e-02
9.66677442e-02
9.66677442e-02
9.66677442e-02
9.66677442e-02
9.66677442e-02
9.66677442e-02
9.66677442e-02
9.66677442e-02
9.66677442e-02
9.66677442e-02
9.66677442e-02
9.66677442e-02
9.66677442e-02
9.66677442e-02
9.66677442e-02
9.66677442e-02
9.66677442e-02
9.66677442e-02
9.66677442e-02
9.66677442e-02
9.66677442e-02
9.66677442e-02
9.66677442e-02
9.66677442e-02
9.66677442e-02
9.66677442e-02
9.66677442e-02
9.66677442e-02
9.66677442e-02
9.66677442e-02
9.66677442e-02
1.07113898e-01
4.03844453e-02
0.00000000e+00
6.64051473e-02
9.88989696e-02
9.66677442e-02
9.66677442e-02
9.66677442e-02
9.66677442e-02
9.98906270e-02
9.66677442e-02
9.66677442e-02
9.66677442e-02
9.66677442e-02
9.66677442e-02
0.00000000e+00
3.98988537e-02
0.00000000e+00
0.00000000e+00
0.00000000e+00
0.00000000e+00
0.00000000e+00
1.50342569e-01
2.07749009e-01
9.66677442e-02
9.66677442e-02
9.66677442e-02
9.66677442e-02
9.66677442e-02
9.66677442e-02
9.66677442e-02
8.29644501e-02
9.55357254e-02
8.99686143e-02
1.17309473e-01
0.00000000e+00
3.76983345e-01
2.60105938e-01
9.66677442e-02
9.66677442e-02
9.66677442e-02
9.66677442e-02
9.66677442e-02
9.66677442e-02
9.66677442e-02
9.66677442e-02
9.66677442e-02
1.04004927e-01
1.07696958e-01
6.70089200e-02
3.71988386e-01
1.11548841e-01
9.66677442e-02
9.66677442e-02
9.66677442e-02
9.66677442e-02
9.66677442e-02
9.66677442e-02
9.66677442e-02
9.66677442e-02
9.66677442e-02
9.97632742e-02
0.00000000e+00
3.81093562e-01
3.15676063e-01
9.66677442e-02
9.66677442e-02
9.66677442e-02
9.66677442e-02
9.66677442e-02
9.66677442e-02
9.66677442e-02
9.66677442e-02
9.66677442e-02
1.05994672e-01
1.10286161e-01
1.21895090e-01
3.78210157e-01
1.00801378e-01
9.66677442e-02
9.66677442e-02
9.66677442e-02
9.66677442e-02
9.66677442e-02
9.66677442e-02
9.66677442e-02
9.66677442e-02
9.70408246e-02
1.14751354e-01
0.00000000e+00
3.63322407e-01
2.72180289e-01
9.66677442e-02
9.66677442e-02
9.66677442e-02
9.66677442e-02
9.66677442e-02
9.66677442e-02
9.66677442e-02
9.66677442e-02
9.66677442e-02
1.00709781e-01
2.85009667e-02
3.10480595e-01
3.60665411e-01
9.66677442e-02
9.66677442e-02
9.66677442e-02
9.66677442e-02
9.66677442e-02
9.66677442e-02
9.66677442e-02
9.66677442e-02
9.66677442e-02
1.04253642e-01
1.06143579e-01
0.00000000e+00
3.50355238e-01
1.60765216e-01
9.66677442e-02
9.66677442e-02
9.66677442e-02
9.66677442e-02
9.66677442e-02
9.66677442e-02
9.66677442e-02
9.66677442e-02
9.66677442e-02
9.78152305e-02
0.00000000e+00
1.63653970e-01
3.66907924e-01
9.66677442e-02
9.66677442e-02
9.66677442e-02
9.66677442e-02
9.66677442e-02
9.66677442e-02
9.66677442e-02
9.66677442e-02
9.66677442e-02
9.66677442e-02
9.66677442e-02
0.00000000e+00
3.25085074e-01
2.80805498e-01
9.66677442e-02
9.66677442e-02
9.66677442e-02
9.66677442e-02
9.66677442e-02
9.66677442e-02
7.25101903e-02
7.25101903e-02
7.25101903e-02
7.25101903e-02
7.25101903e-02
7.25101903e-02
7.25101903e-02
7.25101903e-02
7.25101903e-02
7.25101903e-02
7.25101903e-02
7.25101903e-02
7.25101903e-02
7.25101903e-02
7.25101903e-02
7.25101903e-02
7.25101903e-02
7.25101903e-02
7.25101903e-02
7.25101903e-02
7.25101903e-02
7.25101903e-02
7.25101903e-02
7.25101903e-02
7.25101903e-02
7.25101903e-02
7.25101903e-02
7.25101903e-02
7.25101903e-02
7.25101903e-02
7.25101903e-02
7.25101903e-02
7.25101903e-02
7.25101903e-02
7.25101903e-02
7.25101903e-02
7.25101903e-02
7.25101903e-02
7.25101903e-02
7.25101903e-02
7.25101903e-02
7.25101903e-02
7.25101903e-02
7.25101903e-02
1.80861354e-01
3.16717505e-01
1.45544276e-01
3.35166678e-02
7.25101903e-02
7.25101903e-02
7.25101903e-02
7.25101903e-02
7.25101903e-02
7.25101903e-02
7.25101903e-02
7.25101903e-02
7.25101903e-02
7.25101903e-02
2.29915053e-01
4.34958935e-01
4.51594710e-01
5.35944045e-01
5.05501688e-01
5.23499846e-01
4.77726519e-01
5.92132449e-01
2.77473599e-01
7.25101903e-02
7.25101903e-02
7.25101903e-02
7.25101903e-02
7.25101903e-02
9.18874145e-02
1.37843370e-01
1.65894955e-01
2.86515981e-01
3.22853535e-01
3.53174925e-01
3.47933203e-01
5.48043549e-01
2.71734565e-01
1.15818538e-01
7.25101903e-02
7.25101903e-02
7.25101903e-02
7.25101903e-02
7.25101903e-02
7.25101903e-02
7.25101903e-02
7.25101903e-02
7.25101903e-02
8.99072289e-02
3.99813473e-01
4.06134427e-01
1.67343169e-01
7.87500143e-02
7.25101903e-02
7.25101903e-02
7.25101903e-02
7.25101903e-02
7.25101903e-02
7.25101903e-02
7.25101903e-02
7.25101903e-02
7.25101903e-02
2.19371945e-01
4.45954472e-01
2.27287948e-01
1.64767131e-01
7.25101903e-02
7.25101903e-02
7.25101903e-02
7.25101903e-02
7.25101903e-02
7.25101903e-02
7.25101903e-02
7.25101903e-02
7.25101903e-02
9.46250707e-02
3.70782286e-01
3.83861065e-01
1.43593267e-01
7.42434710e-02
7.25101903e-02
7.25101903e-02
7.25101903e-02
7.25101903e-02
7.25101903e-02
7.25101903e-02
7.25101903e-02
7.25101903e-02
7.33947828e-02
3.20824146e-01
3.66698623e-01
1.96293429e-01
1.40834659e-01
7.25101903e-02
7.25101903e-02
7.25101903e-02
7.25101903e-02
7.25101903e-02
7.25101903e-02
7.25101903e-02
7.25101903e-02
7.25101903e-02
1.63790613e-01
4.48953509e-01
2.95514464e-01
1.64071888e-01
7.25101903e-02
7.25101903e-02
7.25101903e-02
7.25101903e-02
7.25101903e-02
7.25101903e-02
7.25101903e-02
7.25101903e-02
7.25101903e-02
9.04969573e-02
3.97982091e-01
3.95518333e-01
1.42759383e-01
9.92945656e-02
7.25101903e-02
7.25101903e-02
7.25101903e-02
7.25101903e-02
7.25101903e-02
7.25101903e-02
7.25101903e-02
7.25101903e-02
7.25101903e-02
1.87614441e-01
4.73171681e-01
4.04517084e-01
1.94148421e-01
7.25101903e-02
7.25101903e-02
7.25101903e-02
7.25101903e-02
7.25101903e-02
7.25101903e-02
7.25101903e-02
7.25101903e-02
7.25101903e-02
7.25101903e-02
1.69288486e-01
4.71067905e-01
4.00750101e-01
1.57548562e-01
7.25101903e-02
7.25101903e-02
7.25101903e-02
7.25101903e-02
7.25101903e-02
7.25101903e-02
1.58686846e-01
1.58686846e-01
1.58686846e-01
1.58686846e-01
1.58686846e-01
1.58686846e-01
1.58686846e-01
1.58686846e-01
1.58686846e-01
1.58686846e-01
1.58686846e-01
1.58686846e-01
1.58686846e-01
1.58686846e-01
1.58686846e-01
1.58686846e-01
1.58686846e-01
1.58686846e-01
1.58686846e-01
1.58686846e-01
1.58686846e-01
1.58686846e-01
1.58686846e-01
1.58686846e-01
1.58686846e-01
1.58686846e-01
1.58686846e-01
1.58686846e-01
1.58686846e-01
1.58686846e-01
1.58686846e-01
1.58686846e-01
1.58686846e-01
1.58686846e-01
1.58686846e-01
1.58686846e-01
1.58686846e-01
1.58686846e-01
1.58686846e-01
1.58686846e-01
1.58686846e-01
1.58686846e-01
1.58686846e-01
1.58686846e-01
1.58686846e-01
6.20184168e-02
2.92257220e-02
1.24521807e-01
1.58686846e-01
1.58686846e-01
1.58686846e-01
1.58686846e-01
1.58686846e-01
1.58686846e-01
1.58686846e-01
1.58686846e-01
1.58686846e-01
1.58686846e-01
1.58686846e-01
0.00000000e+00
0.00000000e+00
0.00000000e+00
0.00000000e+00
0.00000000e+00
0.00000000e+00
0.00000000e+00
0.00000000e+00
1.58686846e-01
1.58686846e-01
1.58686846e-01
1.58686846e-01
1.58686846e-01
1.58686846e-01
1.58686846e-01
1.58686846e-01
1.49007350e-01
1.28001943e-01
9.78665203e-02
9.35931951e-02
0.00000000e+00
2.10092813e-02
1.74801633e-01
1.58686846e-01
1.58686846e-01
1.58686846e-01
1.58686846e-01
1.58686846e-01
1.58686846e-01
1.58686846e-01
1.58686846e-01
1.58686846e-01
1.58686846e-01
9.72862169e-02
0.00000000e+00
1.56756476e-01
1.62910298e-01
1.58686846e-01
1.58686846e-01
1.58686846e-01
1.58686846e-01
1.58686846e-01
1.58686846e-01
1.58686846e-01
1.58686846e-01
1.58686846e-01
1.58686846e-01
0.00000000e+00
6.78022876e-02
1.70801893e-01
1.58686846e-01
1.58686846e-01
1.58686846e-01
1.58686846e-01
1.58686846e-01
1.58686846e-01
1.58686846e-01
1.58686846e-01
1.58686846e-01
1.58686846e-01
1.04183026e-01
0.00000000e+00
1.72295749e-01
1.59860030e-01
1.58686846e-01
1.58686846e-01
1.58686846e-01
1.58686846e-01
1.58686846e-01
1.58686846e-01
1.58686846e-01
1.58686846e-01
1.58686846e-01
1.51062340e-01
0.00000000e+00
8.72593075e-02
1.73661202e-01
1.58686846e-01
1.58686846e-01
1.58686846e-01
1.58686846e-01
1.58686846e-01
1.58686846e-01
1.58686846e-01
1.58686846e-01
1.58686846e-01
1.58686846e-01
0.00000000e+00
0.00000000e+00
1.80609614e-01
1.58686846e-01
1.58686846e-01
1.58686846e-01
1.58686846e-01
1.58686846e-01
1.58686846e-01
1.58686846e-01
1.58686846e-01
1.58686846e-01
1.58686846e-01
9.17397887e-02
0.00000000e+00
1.38521314e-01
1.76267356e-01
1.58686846e-01
1.58686846e-01
1.58686846e-01
1.58686846e-01
1.58686846e-01
1.58686846e-01
1.58686846e-01
1.58686846e-01
1.58686846e-01
1.58686846e-01
0.00000000e+00
0.00000000e+00
1.51428670e-01
1.58686846e-01
1.58686846e-01
1.58686846e-01
1.58686846e-01
1.58686846e-01
1.58686846e-01
1.58686846e-01
1.58686846e-01
1.58686846e-01
1.58686846e-01
1.58686846e-01
0.00000000e+00
1.96942210e-01
1.78394735e-01
1.58686846e-01
1.58686846e-01
1.58686846e-01
1.58686846e-01
1.58686846e-01
1.58686846e-01
9.43433121e-02
9.43433121e-02
9.43433121e-02
9.43433121e-02
9.43433121e-02
9.43433121e-02
9.43433121e-02
9.43433121e-02
9.43433121e-02
9.43433121e-02
9.43433121e-02
9.43433121e-02
9.43433121e-02
9.43433121e-02
9.43433121e-02
9.43433121e-02
9.43433121e-02
9.43433121e-02
9.43433121e-02
9.43433121e-02
9.43433121e-02
9.43433121e-02
9.43433121e-02
9.43433121e-02
9.43433121e-02
9.43433121e-02
9.43433121e-02
9.43433121e-02
9.43433121e-02
9.43433121e-02
9.43433121e-02
9.43433121e-02
9.43433121e-02
9.43433121e-02
9.43433121e-02
9.43433121e-02
9.43433121e-02
9.43433121e-02
9.43433121e-02
9.43433121e-02
9.43433121e-02
9.43433121e-02
9.43433121e-02
9.43433121e-02
2.44216591e-01
3.67891520e-01
2.72700995e-01
1.77026421e-01
1.65736228e-01
1.65736228e-01
1.65736228e-01
1.65736228e-01
1.06747501e-01
9.43433121e-02
9.43433121e-02
9.43433121e-02
9.43433121e-02
9.43433121e-02
3.16717625e-01
4.27576274e-01
3.11745435e-01
3.20030361e-01
3.06633264e-01
3.20964873e-01
3.08309317e-01
4.00892764e-01
1.85516208e-01
9.43433121e-02
9.43433121e-02
9.43433121e-02
9.43433121e-02
9.43433121e-02
1.14474073e-01
1.34173825e-01
1.35783628e-01
2.03788936e-01
1.65925771e-01
1.93889439e-01
2.45466709e-01
4.77695346e-01
1.43057093e-01
9.43433121e-02
9.43433121e-02
9.43433121e-02
9.43433121e-02
9.43433121e-02
9.43433121e-02
9.43433121e-02
9.43433121e-02
9.43433121e-02
9.43433121e-02
1.16929792e-01
4.92920727e-01
4.95325446e-01
6.36268854e-02
9.43433121e-02
9.43433121e-02
9.43433121e-02
9.43433121e-02
9.43433121e-02
9.43433121e-02
9.43433121e-02
9.43433121e-02
9.43433121e-02
9.43433121e-02
2.94281751e-01
5.00709355e-01
1.57253116e-01
9.43433121e-02
9.43433121e-02
9.43433121e-02
9.43433121e-02
9.43433121e-02
9.43433121e-02
9.43433121e-02
9.43433121e-02
9.43433121e-02
9.43433121e-02
1.23054937e-01
4.75845456e-01
4.73667473e-01
8.06281418e-02
9.43433121e-02
9.43433121e-02
9.43433121e-02
9.43433121e-02
9.43433121e-02
9.43433121e-02
9.43433121e-02
9.43433121e-02
9.43433121e-02
9.54917744e-02
4.08884138e-01
4.75672901e-01
1.31058261e-01
9.43433121e-02
9.43433121e-02
9.43433121e-02
9.43433121e-02
9.43433121e-02
9.43433121e-02
9.43433121e-02
9.43433121e-02
9.43433121e-02
9.43433121e-02
2.13778883e-01
4.99451280e-01
3.53168041e-01
8.60669166e-02
9.43433121e-02
9.43433121e-02
9.43433121e-02
9.43433121e-02
9.43433121e-02
9.43433121e-02
9.43433121e-02
9.43433121e-02
9.43433121e-02
1.17695436e-01
4.90347624e-01
4.93483841e-01
4.72186618e-02
9.43433121e-02
9.43433121e-02
9.43433121e-02
9.43433121e-02
9.43433121e-02
9.43433121e-02
9.43433121e-02
9.43433121e-02
9.43433121e-02
9.43433121e-02
2.52460718e-01
4.97323394e-01
4.00525600e-01
7.19655454e-02
9.43433121e-02
9.43433121e-02
9.43433121e-02
9.43433121e-02
9.43433121e-02
9.43433121e-02
9.43433121e-02
9.43433121e-02
9.43433121e-02
9.43433121e-02
2.24166840e-01
3.89691979e-01
9.29317027e-02
9.43433121e-02
9.43433121e-02
9.43433121e-02
9.43433121e-02
9.43433121e-02
9.43433121e-02
9.43433121e-02
6.96946904e-02
6.96946904e-02
6.96946904e-02
6.96946904e-02
6.96946904e-02
6.96946904e-02
6.96946904e-02
6.96946904e-02
6.96946904e-02
6.96946904e-02
6.96946904e-02
6.96946904e-02
6.96946904e-02
6.96946904e-02
6.96946904e-02
6.96946904e-02
6.96946904e-02
6.96946904e-02
6.96946904e-02
6.96946904e-02
6.96946904e-02
6.96946904e-02
6.96946904e-02
6.96946904e-02
6.96946904e-02
6.96946904e-02
6.96946904e-02
6.96946904e-02
6.96946904e-02
6.96946904e-02
6.96946904e-02
6.96946904e-02
6.96946904e-02
6.96946904e-02
6.96946904e-02
6.96946904e-02
6.96946904e-02
6.96946904e-02
6.96946904e-02
6.96946904e-02
6.96946904e-02
6.96946904e-02
6.96946904e-02
6.96946904e-02
3.31589431e-01
4.04391319e-01
2.54955962e-02
1.23232119e-02
6.96946904e-02
6.96946904e-02
6.96946904e-02
6.96946904e-02
6.96946904e-02
6.96946904e-02
6.96946904e-02
6.96946904e-02
6.96946904e-02
6.96946904e-02
2.86679089e-01
3.58831584e-01
2.58386314e-01
2.92597651e-01
1.37179554e-01
1.98290557e-01
1.17725134e-01
3.46329093e-01
0.00000000e+00
6.96946904e-02
6.96946904e-02
6.96946904e-02
6.96946904e-02
6.96946904e-02
6.96946904e-02
1.34916127e-01
1.29189312e-01
2.38774091e-01
2.00205594e-01
2.39087313e-01
3.74594539e-01
5.42124450e-01
0.00000000e+00
6.96946904e-02
6.96946904e-02
6.96946904e-02
6.96946904e-02
6.96946904e-02
6.96946904e-02
6.96946904e-02
6.96946904e-02
6.96946904e-02
6.96946904e-02
1.23025417e-01
4.50402051e-01
3.16190869e-01
3.78076807e-02
7.01019391e-02
6.96946904e-02
6.96946904e-02
6.96946904e-02
6.96946904e-02
6.96946904e-02
6.96946904e-02
6.96946904e-02
6.96946904e-02
6.96946904e-02
3.47440720e-01
4.54695791e-01
0.00000000e+00
7.06901848e-02
6.96946904e-02
6.96946904e-02
6.96946904e-02
6.96946904e-02
6.96946904e-02
6.96946904e-02
6.96946904e-02
6.96946904e-02
6.96946904e-02
1.37487978e-01
4.28908527e-01
3.07139605e-01
7.10069388e-02
6.98078126e-02
6.96946904e-02
6.96946904e-02
6.96946904e-02
6.96946904e-02
6.96946904e-02
6.96946904e-02
6.96946904e-02
6.96946904e-02
7.24064186e-02
4.34028566e-01
4.28530753e-01
0.00000000e+00
7.09843114e-02
6.96946904e-02
6.96946904e-02
6.96946904e-02
6.96946904e-02
6.96946904e-02
6.96946904e-02
6.96946904e-02
6.96946904e-02
6.96946904e-02
2.97225446e-01
4.42593694e-01
0.00000000e+00
7.04865605e-02
6.96946904e-02
6.96946904e-02
6.96946904e-02
6.96946904e-02
6.96946904e-02
6.96946904e-02
6.96946904e-02
6.96946904e-02
6.96946904e-02
1.24833234e-01
4.45107400e-01
2.93654382e-01
0.00000000e+00
7.06694275e-02
6.96946904e-02
6.96946904e-02
6.96946904e-02
6.96946904e-02
6.96946904e-02
6.96946904e-02
6.96946904e-02
6.96946904e-02
6.96946904e-02
2.63348609e-01
4.78327751e-01
1.18253857e-01
4.01758403e-02
6.96946904e-02
6.96946904e-02
6.96946904e-02
6.96946904e-02
6.96946904e-02
6.96946904e-02
6.96946904e-02
6.96946904e-02
6.96946904e-02
6.96946904e-02
1.50124937e-01
2.93490052e-01
1.98352218e-01
8.48107412e-02
6.96946904e-02
6.96946904e-02
6.96946904e-02
6.96946904e-02
6.96946904e-02
6.96946904e-02
9.29112956e-02
9.29112956e-02
9.29112956e-02
9.29112956e-02
9.29112956e-02
9.29112956e-02
9.29112956e-02
9.29112956e-02
9.29112956e-02
9.29112956e-02
9.29112956e-02
9.29112956e-02
9.29112956e-02
9.29112956e-02
9.29112956e-02
9.29112956e-02
9.29112956e-02
9.29112956e-02
9.29112956e-02
9.29112956e-02
9.29112956e-02
9.29112956e-02
9.29112956e-02
9.29112956e-02
9.29112956e-02
9.29112956e-02
9.29112956e-02
9.29112956e-02
9.29112956e-02
9.29112956e-02
9.29112956e-02
9.29112956e-02
9.29112956e-02
9.29112956e-02
9.29112956e-02
9.29112956e-02
9.29112956e-02
9.29112956e-02
9.29112956e-02
9.29112956e-02
9.29112956e-02
9.29112956e-02
9.29112956e-02
9.29112956e-02
1.29235625e-01
1.56529635e-01
9.73907709e-02
7.71394968e-02
1.09568857e-01
1.09568857e-01
1.09568857e-01
1.09568857e-01
9.29112956e-02
9.29112956e-02
9.29112956e-02
9.29112956e-02
9.29112956e-02
9.29112956e-02
9.29112956e-02
1.38771549e-01
1.33446425e-01
3.43640745e-02
0.00000000e+00
0.00000000e+00
0.00000000e+00
0.00000000e+00
0.00000000e+00
9.29112956e-02
9.29112956e-02
9.29112956e-02
9.29112956e-02
9.29112956e-02
9.86213237e-02
1.47937506e-01
1.62446290e-01
1.80237770e-01
2.08410531e-01
1.81656346e-01
2.33087242e-01
1.90794379e-01
1.21626392e-01
1.29957989e-01
9.29112956e-02
9.29112956e-02
9.29112956e-02
9.29112956e-02
9.29112956e-02
9.29112956e-02
9.29112956e-02
9.29112956e-02
9.29112956e-02
1.14741489e-01
1.28642187e-01
0.00000000e+00
1.44182533e-01
1.00178540e-01
9.29112956e-02
9.29112956e-02
9.29112956e-02
9.29112956e-02
9.29112956e-02
9.29112956e-02
9.29112956e-02
9.29112956e-02
9.29112956e-02
1.09941155e-01
2.67824754e-02
1.32022664e-01
1.76484928e-01
9.29112956e-02
9.29112956e-02
9.29112956e-02
9.29112956e-02
9.29112956e-02
9.29112956e-02
9.29112956e-02
9.29112956e-02
9.29112956e-02
1.20661542e-01
1.34622812e-01
3.65890563e-03
1.50842249e-01
9.49299708e-02
9.29112956e-02
9.29112956e-02
9.29112956e-02
9.29112956e-02
9.29112956e-02
9.29112956e-02
9.29112956e-02
9.29112956e-02
9.40213054e-02
1.57486156e-01
8.53947550e-03
1.39714330e-01
1.48185089e-01
9.29112956e-02
9.29112956e-02
9.29112956e-02
9.29112956e-02
9.29112956e-02
9.29112956e-02
9.29112956e-02
9.29112956e-02
9.29112956e-02
1.53537899e-01
7.41969645e-02
9.68800187e-02
1.63212061e-01
9.29112956e-02
9.29112956e-02
9.29112956e-02
9.29112956e-02
9.29112956e-02
9.29112956e-02
9.29112956e-02
9.29112956e-02
9.29112956e-02
1.15481496e-01
1.25213295e-01
0.00000000e+00
1.61137462e-01
1.23679541e-01
9.29112956e-02
9.29112956e-02
9.29112956e-02
9.29112956e-02
9.29112956e-02
9.29112956e-02
9.29112956e-02
9.29112956e-02
9.29112956e-02
1.04410253e-01
3.06947902e-02
0.00000000e+00
1.12623468e-01
9.29112956e-02
9.29112956e-02
9.29112956e-02
9.29112956e-02
9.29112956e-02
9.29112956e-02
9.29112956e-02
9.29112956e-02
9.29112956e-02
9.29112956e-02
1.03223443e-01
2.08065301e-01
2.36650646e-01
1.83243215e-01
9.29112956e-02
9.29112956e-02
9.29112956e-02
9.29112956e-02
9.29112956e-02
9.29112956e-02
6.12830743e-02
6.12830743e-02
6.12830743e-02
6.12830743e-02
6.12830743e-02
6.12830743e-02
6.12830743e-02
6.12830743e-02
6.12830743e-02
6.12830743e-02
6.12830743e-02
6.12830743e-02
6.12830743e-02
6.12830743e-02
6.12830743e-02
6.12830743e-02
6.12830743e-02
6.12830743e-02
6.12830743e-02
6.12830743e-02
6.12830743e-02
6.12830743e-02
6.12830743e-02
6.12830743e-02
6.12830743e-02
6.12830743e-02
6.12830743e-02
6.12830743e-02
6.12830743e-02
6.12830743e-02
6.12830743e-02
6.12830743e-02
6.12830743e-02
6.12830743e-02
6.12830743e-02
6.12830743e-02
6.12830743e-02
6.12830743e-02
6.12830743e-02
6.12830743e-02
6.12830743e-02
6.12830743e-02
6.12830743e-02
6.12830743e-02
1.46578476e-01
6.07301295e-01
6.16839588e-01
4.42109525e-01
3.34753424e-01
2.94872075e-01
2.94872075e-01
2.94872075e-01
2.83051640e-01
1.06999360e-01
6.12830743e-02
6.12830743e-02
6.12830743e-02
6.12830743e-02
2.67879099e-01
4.91097629e-01
5.04478872e-01
6.05444849e-01
6.79215610e-01
6.87095881e-01
6.86980486e-01
6.76785946e-01
5.52037716e-01
1.87366158e-01
6.12830743e-02
6.12830743e-02
6.12830743e-02
6.12830743e-02
6.12830743e-02
6.12830743e-02
6.12830743e-02
6.05070405e-02
3.86033915e-02
3.67161036e-02
1.17500752e-01
6.23608947e-01
4.78041172e-01
6.12830743e-02
6.12830743e-02
6.12830743e-02
6.12830743e-02
6.12830743e-02
6.12830743e-02
6.12830743e-02
6.12830743e-02
6.12830743e-02
6.12830743e-02
6.29851371e-02
4.94116485e-01
6.67823911e-01
2.27608323e-01
6.12830743e-02
6.12830743e-02
6.12830743e-02
6.12830743e-02
6.12830743e-02
6.12830743e-02
6.12830743e-02
6.12830743e-02
6.12830743e-02
6.12830743e-02
1.91860110e-01
6.10686362e-01
4.60752547e-01
6.12830743e-02
6.12830743e-02
6.12830743e-02
6.12830743e-02
6.12830743e-02
6.12830743e-02
6.12830743e-02
6.12830743e-02
6.12830743e-02
6.12830743e-02
6.34467155e-02
5.11100769e-01
6.24075472e-01
1.55923575e-01
6.12830743e-02
6.12830743e-02
6.12830743e-02
6.12830743e-02
6.12830743e-02
6.12830743e-02
6.12830743e-02
6.12830743e-02
6.12830743e-02
6.13696203e-02
3.42902213e-01
6.77318513e-01
4.44570065e-01
6.12830743e-02
6.12830743e-02
6.12830743e-02
6.12830743e-02
6.12830743e-02
6.12830743e-02
6.12830743e-02
6.12830743e-02
6.12830743e-02
6.12830743e-02
1.11720771e-01
6.70210481e-01
6.63107216e-01
5.27827442e-02
6.12830743e-02
6.12830743e-02
6.12830743e-02
6.12830743e-02
6.12830743e-02
6.12830743e-02
6.12830743e-02
6.12830743e-02
6.12830743e-02
6.30428344e-02
4.94595796e-01
6.82508528e-01
2.50637084e-01
6.12830743e-02
6.12830743e-02
6.12830743e-02
6.12830743e-02
6.12830743e-02
6.12830743e-02
6.12830743e-02
6.12830743e-02
6.12830743e-02
6.12830743e-02
1.75629795e-01
5.96570194e-01
6.63256884e-01
2.31832385e-01
6.12830743e-02
6.12830743e-02
6.12830743e-02
6.12830743e-02
6.12830743e-02
6.12830743e-02
6.12830743e-02
6.12830743e-02
6.12830743e-02
6.12830743e-02
1.69400156e-01
3.34813565e-01
8.25190023e-02
6.12830743e-02
6.12830743e-02
6.12830743e-02
6.12830743e-02
6.12830743e-02
6.12830743e-02
6.12830743e-02
1.00459926e-01
1.00459926e-01
1.00459926e-01
1.00459926e-01
1.00459926e-01
1.00459926e-01
1.00459926e-01
1.00459926e-01
1.00459926e-01
1.00459926e-01
1.00459926e-01
1.00459926e-01
1.00459926e-01
1.00459926e-01
1.00459926e-01
1.00459926e-01
1.00459926e-01
1.00459926e-01
1.00459926e-01
1.00459926e-01
1.00459926e-01
1.00459926e-01
1.00459926e-01
1.00459926e-01
1.00459926e-01
1.00459926e-01
1.00459926e-01
1.00459926e-01
1.00459926e-01
1.00459926e-01
1.00459926e-01
1.00459926e-01
1.00459926e-01
1.00459926e-01
1.00459926e-01
1.00459926e-01
1.00459926e-01
1.00459926e-01
1.00459926e-01
1.00459926e-01
1.00459926e-01
1.00459926e-01
1.00459926e-01
1.00459926e-01
1.44571394e-01
4.52335238e-01
4.64982033e-01
3.84532452e-01
2.84513116e-01
2.67802030e-01
2.67802030e-01
2.67802030e-01
2.17595786e-01
1.12668097e-01
1.00459926e-01
1.00459926e-01
1.00459926e-01
1.00459926e-01
1.00459926e-01
3.34009796e-01
3.90446901e-01
4.98556674e-01
4.77338731e-01
4.83856738e-01
4.82734203e-01
4.84050870e-01
4.83687550e-01
1.51156604e-01
1.00459926e-01
1.00459926e-01
1.00459926e-01
1.00459926e-01
1.00459926e-01
1.00459926e-01
1.00459926e-01
9.69487429e-02
9.12321880e-02
8.10070932e-02
1.45210132e-01
3.81241083e-01
4.26013201e-01
1.24387845e-01
1.00459926e-01
1.00459926e-01
1.00459926e-01
1.00459926e-01
1.00459926e-01
1.00459926e-01
1.00459926e-01
1.00459926e-01
1.00459926e-01
1.17017597e-01
2.76608407e-01
4.33995634e-01
2.67689586e-01
1.00488469e-01
1.00459926e-01
1.00459926e-01
1.00459926e-01
1.00459926e-01
1.00459926e-01
1.00459926e-01
1.00459926e-01
1.00459926e-01
1.00459926e-01
1.25008330e-01
3.79208118e-01
4.06823307e-01
1.09163061e-01
1.00459926e-01
1.00459926e-01
1.00459926e-01
1.00459926e-01
1.00459926e-01
1.00459926e-01
1.00459926e-01
1.00459926e-01
1.00459926e-01
1.21507816e-01
2.81477034e-01
4.01781857e-01
2.21431360e-01
1.00467853e-01
1.00459926e-01
1.00459926e-01
1.00459926e-01
1.00459926e-01
1.00459926e-01
1.00459926e-01
1.00459926e-01
1.00459926e-01
1.01301841e-01
1.92851231e-01
4.02005881e-01
3.99118185e-01
1.11223623e-01
1.00459926e-01
1.00459926e-01
1.00459926e-01
1.00459926e-01
1.00459926e-01
1.00459926e-01
1.00459926e-01
1.00459926e-01
1.00459926e-01
1.64696679e-01
3.73802155e-01
4.06372994e-01
1.74154818e-01
1.00459926e-01
1.00459926e-01
1.00459926e-01
1.00459926e-01
1.00459926e-01
1.00459926e-01
1.00459926e-01
1.00459926e-01
1.00459926e-01
1.17578879e-01
2.79300570e-01
4.70746130e-01
2.85478532e-01
1.00765795e-01
1.00459926e-01
1.00459926e-01
1.00459926e-01
1.00459926e-01
1.00459926e-01
1.00459926e-01
1.00459926e-01
1.00459926e-01
1.00459926e-01
1.21207573e-01
3.88981044e-01
4.68896747e-01
2.53149271e-01
1.00459926e-01
1.00459926e-01
1.00459926e-01
1.00459926e-01
1.00459926e-01
1.00459926e-01
1.00459926e-01
1.00459926e-01
1.00459926e-01
1.00459926e-01
1.00459926e-01
2.25884169e-01
2.57102460e-01
1.00523353e-01
1.00459926e-01
1.00459926e-01
1.00459926e-01
1.00459926e-01
1.00459926e-01
1.00459926e-01
7.99444839e-02
7.99444839e-02
7.99444839e-02
7.99444839e-02
7.99444839e-02
7.99444839e-02
7.99444839e-02
7.99444839e-02
7.99444839e-02
7.99444839e-02
7.99444839e-02
7.99444839e-02
7.99444839e-02
7.99444839e-02
7.99444839e-02
7.99444839e-02
7.99444839e-02
7.99444839e-02
7.99444839e-02
7.99444839e-02
7.99444839e-02
7.99444839e-02
7.99444839e-02
7.99444839e-02
7.99444839e-02
7.99444839e-02
7.99444839e-02
7.99444839e-02
7.99444839e-02
7.99444839e-02
7.99444839e-02
7.99444839e-02
7.99444839e-02
7.99444839e-02
7.99444839e-02
7.99444839e-02
7.99444839e-02
7.99444839e-02
7.99444839e-02
7.99444839e-02
7.99444839e-02
7.99444839e-02
7.99444839e-02
7.99444839e-02
9.67012867e-02
2.06316739e-01
1.58873796e-01
1.11374363e-01
7.99444839e-02
7.99444839e-02
7.99444839e-02
7.99444839e-02
7.99444839e-02
7.99444839e-02
7.99444839e-02
7.99444839e-02
7.99444839e-02
7.99444839e-02
8.86818618e-02
3.17377895e-01
3.67524832e-01
3.88171434e-01
3.72592449e-01
3.61653507e-01
3.45497221e-01
4.26445097e-01
3.64622980e-01
8.06956962e-02
7.99444839e-02
7.99444839e-02
7.99444839e-02
7.99444839e-02
7.99444839e-02
1.54024214e-01
1.29429668e-01
2.12289900e-01
2.70987570e-01
2.86961794e-01
2.87040859e-01
3.96740109e-01
3.78571808e-01
1.44288808e-01
7.99444839e-02
7.99444839e-02
7.99444839e-02
7.99444839e-02
7.99444839e-02
7.99444839e-02
7.99444839e-02
7.99444839e-02
7.99444839e-02
8.02358389e-02
1.39747858e-01
3.31860483e-01
2.93095112e-01
8.73781815e-02
7.99444839e-02
7.99444839e-02
7.99444839e-02
7.99444839e-02
7.99444839e-02
7.99444839e-02
7.99444839e-02
7.99444839e-02
7.99444839e-02
9.16009173e-02
2.82513410e-01
3.28378290e-01
2.12848783e-01
7.99444839e-02
7.99444839e-02
7.99444839e-02
7.99444839e-02
7.99444839e-02
7.99444839e-02
7.99444839e-02
7.99444839e-02
7.99444839e-02
8.03148523e-02
1.36434317e-01
3.08341950e-01
2.83525288e-01
8.20093974e-02
7.99444839e-02
7.99444839e-02
7.99444839e-02
7.99444839e-02
7.99444839e-02
7.99444839e-02
7.99444839e-02
7.99444839e-02
7.99592957e-02
1.61998928e-01
2.75746375e-01
3.19310874e-01
1.62071273e-01
7.99444839e-02
7.99444839e-02
7.99444839e-02
7.99444839e-02
7.99444839e-02
7.99444839e-02
7.99444839e-02
7.99444839e-02
7.99444839e-02
9.70246196e-02
2.25586444e-01
3.21868658e-01
3.00585628e-01
7.99444839e-02
7.99444839e-02
7.99444839e-02
7.99444839e-02
7.99444839e-02
7.99444839e-02
7.99444839e-02
7.99444839e-02
7.99444839e-02
8.02457184e-02
1.58071280e-01
3.82554978e-01
3.03833425e-01
1.11866355e-01
7.99444839e-02
7.99444839e-02
7.99444839e-02
7.99444839e-02
7.99444839e-02
7.99444839e-02
7.99444839e-02
7.99444839e-02
7.99444839e-02
9.19145271e-02
3.22440147e-01
4.08255339e-01
2.48063862e-01
7.99444839e-02
7.99444839e-02
7.99444839e-02
7.99444839e-02
7.99444839e-02
7.99444839e-02
7.99444839e-02
7.99444839e-02
7.99444839e-02
7.99444839e-02
7.99444839e-02
3.05989146e-01
3.45302105e-01
1.98790461e-01
7.99444839e-02
7.99444839e-02
7.99444839e-02
7.99444839e-02
7.99444839e-02
7.99444839e-02
1.06096797e-01
1.06096797e-01
1.06096797e-01
1.06096797e-01
1.06096797e-01
1.06096797e-01
1.06096797e-01
1.06096797e-01
1.06096797e-01
1.06096797e-01
1.06096797e-01
1.06096797e-01
1.06096797e-01
1.06096797e-01
1.06096797e-01
1.06096797e-01
1.06096797e-01
1.06096797e-01
1.06096797e-01
1.06096797e-01
1.06096797e-01
1.06096797e-01
1.06096797e-01
1.06096797e-01
1.06096797e-01
1.06096797e-01
1.06096797e-01
1.06096797e-01
1.06096797e-01
1.06096797e-01
1.06096797e-01
1.06096797e-01
1.06096797e-01
1.06096797e-01
1.06096797e-01
1.06096797e-01
1.06096797e-01
1.06096797e-01
1.06096797e-01
1.06096797e-01
1.06096797e-01
1.06096797e-01
1.06096797e-01
1.06096797e-01
1.06096797e-01
7.72341341e-03
7.92582482e-02
1.12789258e-01
1.10919520e-01
1.06096797e-01
1.06096797e-01
1.06096797e-01
1.26927391e-01
1.13062948e-01
1.06096797e-01
1.06096797e-01
1.06096797e-01
1.06096797e-01
1.91499621e-01
2.08887994e-01
4.23883051e-02
2.16410533e-02
7.40549266e-02
7.10588768e-02
9.66199189e-02
5.21363802e-02
1.75449476e-01
1.37888104e-01
1.06096797e-01
1.06096797e-01
1.06096797e-01
1.06096797e-01
1.25824332e-01
1.38626590e-01
1.06096797e-01
1.25266910e-01
9.38409194e-02
1.12140879e-01
4.63257432e-02
1.94446325e-01
1.17720962e-02
1.06096797e-01
1.06096797e-01
1.06096797e-01
1.06096797e-01
1.06096797e-01
1.06096797e-01
1.06096797e-01
1.06096797e-01
1.06096797e-01
1.06096797e-01
1.06096797e-01
6.39097244e-02
2.31103241e-01
4.21489477e-02
1.06096797e-01
1.06096797e-01
1.06096797e-01
1.06096797e-01
1.06096797e-01
1.06096797e-01
1.06096797e-01
1.06096797e-01
1.06096797e-01
1.06096797e-01
1.06096797e-01
1.80050775e-01
1.50107846e-01
1.06096797e-01
1.06096797e-01
1.06096797e-01
1.06096797e-01
1.06096797e-01
1.06096797e-01
1.06096797e-01
1.06096797e-01
1.06096797e-01
1.06096797e-01
1.06096797e-01
6.79697171e-02
2.28052035e-01
5.37021458e-02
1.06096797e-01
1.06096797e-01
1.06096797e-01
1.06096797e-01
1.06096797e-01
1.06096797e-01
1.06096797e-01
1.06096797e-01
1.06096797e-01
1.06096797e-01
9.26398411e-02
2.01163203e-01
1.40216261e-01
1.06096797e-01
1.06096797e-01
1.06096797e-01
1.06096797e-01
1.06096797e-01
1.06096797e-01
1.06096797e-01
1.06096797e-01
1.06096797e-01
1.06096797e-01
1.06096797e-01
1.89521194e-01
2.36619949e-01
7.44793341e-02
1.06096797e-01
1.06096797e-01
1.06096797e-01
1.06096797e-01
1.06096797e-01
1.06096797e-01
1.06096797e-01
1.06096797e-01
1.06096797e-01
1.06096797e-01
6.14915527e-02
2.10814744e-01
2.21978128e-02
1.06096797e-01
1.06096797e-01
1.06096797e-01
1.06096797e-01
1.06096797e-01
1.06096797e-01
1.06096797e-01
1.06096797e-01
1.06096797e-01
1.06096797e-01
1.06096797e-01
8.73091146e-02
9.09905434e-02
7.75171369e-02
1.06096797e-01
1.06096797e-01
1.06096797e-01
1.06096797e-01
1.06096797e-01
1.06096797e-01
1.06096797e-01
1.06096797e-01
1.06096797e-01
1.06096797e-01
1.77910268e-01
2.50178635e-01
0.00000000e+00
1.06096797e-01
1.06096797e-01
1.06096797e-01
1.06096797e-01
1.06096797e-01
1.06096797e-01
1.06096797e-01
1.25102773e-01
1.25102773e-01
1.25102773e-01
1.25102773e-01
1.25102773e-01
1.25102773e-01
1.25102773e-01
1.25102773e-01
1.25102773e-01
1.25102773e-01
1.25102773e-01
1.25102773e-01
1.25102773e-01
1.25102773e-01
1.25102773e-01
1.25102773e-01
1.25102773e-01
1.25102773e-01
1.25102773e-01
1.25102773e-01
1.25102773e-01
1.25102773e-01
1.25102773e-01
1.25102773e-01
1.25102773e-01
1.25102773e-01
1.25102773e-01
1.25102773e-01
1.25102773e-01
1.25102773e-01
1.25102773e-01
1.25102773e-01
1.25102773e-01
1.25102773e-01
1.25102773e-01
1.25102773e-01
1.25102773e-01
1.25102773e-01
1.25102773e-01
1.25102773e-01
1.25102773e-01
1.25102773e-01
1.25102773e-01
1.25102773e-01
1.26971036e-01
4.15615559e-01
4.87686634e-01
5.00566661e-01
4.58593845e-01
4.24264789e-01
4.24264789e-01
4.24264789e-01
4.01488662e-01
1.66246086e-01
1.25102773e-01
1.25102773e-01
1.25102773e-01
1.25102773e-01
1.25102773e-01
0.00000000e+00
0.00000000e+00
2.63916314e-01
4.03497458e-01
4.23723817e-01
4.23634827e-01
4.17383909e-01
4.90110874e-01
2.36316293e-01
1.25102773e-01
1.25102773e-01
1.25102773e-01
1.25102773e-01
1.25102773e-01
1.25102773e-01
1.25102773e-01
1.07783906e-01
4.46323231e-02
0.00000000e+00
0.00000000e+00
0.00000000e+00
1.82478204e-02
1.25102773e-01
1.25102773e-01
1.25102773e-01
1.25102773e-01
1.25102773e-01
1.25102773e-01
1.25102773e-01
1.25102773e-01
1.25102773e-01
1.25102773e-01
1.26414999e-01
1.17411472e-01
0.00000000e+00
6.80130646e-02
1.25102773e-01
1.25102773e-01
1.25102773e-01
1.25102773e-01
1.25102773e-01
1.25102773e-01
1.25102773e-01
1.25102773e-01
1.25102773e-01
1.25102773e-01
1.25302941e-01
0.00000000e+00
0.00000000e+00
1.25102773e-01
1.25102773e-01
1.25102773e-01
1.25102773e-01
1.25102773e-01
1.25102773e-01
1.25102773e-01
1.25102773e-01
1.25102773e-01
1.25102773e-01
1.26770869e-01
1.23584993e-01
0.00000000e+00
8.49467814e-02
1.25102773e-01
1.25102773e-01
1.25102773e-01
1.25102773e-01
1.25102773e-01
1.25102773e-01
1.25102773e-01
1.25102773e-01
1.25102773e-01
1.25169501e-01
1.25525355e-01
5.41835129e-02
0.00000000e+00
1.25102773e-01
1.25102773e-01
1.25102773e-01
1.25102773e-01
1.25102773e-01
1.25102773e-01
1.25102773e-01
1.25102773e-01
1.25102773e-01
1.25102773e-01
1.30409092e-01
4.05796170e-02
0.00000000e+00
1.00870714e-01
1.25102773e-01
1.25102773e-01
1.25102773e-01
1.25102773e-01
1.25102773e-01
1.25102773e-01
1.25102773e-01
1.25102773e-01
1.25102773e-01
1.26459479e-01
1.13180265e-01
1.06525347e-02
9.49304104e-02
1.25102773e-01
1.25102773e-01
1.25102773e-01
1.25102773e-01
1.25102773e-01
1.25102773e-01
1.25102773e-01
1.25102773e-01
1.25102773e-01
1.25102773e-01
1.25102773e-01
0.00000000e+00
2.90986374e-02
1.21192612e-01
1.25102773e-01
1.25102773e-01
1.25102773e-01
1.25102773e-01
1.25102773e-01
1.25102773e-01
1.25102773e-01
1.25102773e-01
1.25102773e-01
1.25102773e-01
1.25102773e-01
0.00000000e+00
0.00000000e+00
1.25102773e-01
1.25102773e-01
1.25102773e-01
1.25102773e-01
1.25102773e-01
1.25102773e-01
1.25102773e-01
9.41639915e-02
9.41639915e-02
9.41639915e-02
9.41639915e-02
9.41639915e-02
9.41639915e-02
9.41639915e-02
9.41639915e-02
9.41639915e-02
9.41639915e-02
9.41639915e-02
9.41639915e-02
9.41639915e-02
9.41639915e-02
9.41639915e-02
9.41639915e-02
9.41639915e-02
9.41639915e-02
9.41639915e-02
9.41639915e-02
9.41639915e-02
9.41639915e-02
9.41639915e-02
9.41639915e-02
9.41639915e-02
9.41639915e-02
9.41639915e-02
9.41639915e-02
9.41639915e-02
9.41639915e-02
9.41639915e-02
9.41639915e-02
9.41639915e-02
9.41639915e-02
9.41639915e-02
9.41639915e-02
9.41639915e-02
9.41639915e-02
9.41639915e-02
9.41639915e-02
9.41639915e-02
9.41639915e-02
9.41639915e-02
9.41639915e-02
9.62101370e-02
3.42341244e-01
4.02502924e-01
3.89793605e-01
3.16160232e-01
3.03246617e-01
3.03246617e-01
3.03246617e-01
2.74453282e-01
1.00939333e-01
9.41639915e-02
9.41639915e-02
9.41639915e-02
9.41639915e-02
9.41639915e-02
0.00000000e+00
2.66277567e-02
3.03888768e-01
3.56853604e-01
3.53506267e-01
3.53408813e-01
3.64176691e-01
4.16366369e-01
1.34729952e-01
9.41639915e-02
9.41639915e-02
9.41639915e-02
9.41639915e-02
9.41639915e-02
9.41639915e-02
9.41639915e-02
8.67332816e-02
4.96864915e-02
1.90804899e-03
1.19893029e-02
8.34580511e-02
7.68245757e-02
1.13521703e-01
9.41639915e-02
9.41639915e-02
9.41639915e-02
9.41639915e-02
9.41639915e-02
9.41639915e-02
9.41639915e-02
9.41639915e-02
9.41639915e-02
9.56011638e-02
1.15936711e-01
9.34323370e-02
1.00423276e-01
9.41639915e-02
9.41639915e-02
9.41639915e-02
9.41639915e-02
9.41639915e-02
9.41639915e-02
9.41639915e-02
9.41639915e-02
9.41639915e-02
9.41639915e-02
9.43832248e-02
6.13544658e-02
7.49016106e-02
9.41639915e-02
9.41639915e-02
9.41639915e-02
9.41639915e-02
9.41639915e-02
9.41639915e-02
9.41639915e-02
9.41639915e-02
9.41639915e-02
9.41639915e-02
9.59909111e-02
1.43103823e-01
4.30281311e-02
9.52474102e-02
9.41639915e-02
9.41639915e-02
9.41639915e-02
9.41639915e-02
9.41639915e-02
9.41639915e-02
9.41639915e-02
9.41639915e-02
9.41639915e-02
9.42370668e-02
1.45737931e-01
1.40804619e-01
7.15095252e-02
9.98711288e-02
9.41639915e-02
9.41639915e-02
9.41639915e-02
9.41639915e-02
9.41639915e-02
9.41639915e-02
9.41639915e-02
9.41639915e-02
9.41639915e-02
1.07347950e-01
1.44825205e-01
3.58823799e-02
9.59192514e-02
9.41639915e-02
9.41639915e-02
9.41639915e-02
9.41639915e-02
9.41639915e-02
9.41639915e-02
9.41639915e-02
9.41639915e-02
9.41639915e-02
9.56498832e-02
1.06422000e-01
1.52053967e-01
1.22749552e-01
9.41639915e-02
9.41639915e-02
9.41639915e-02
9.41639915e-02
9.41639915e-02
9.41639915e-02
9.41639915e-02
9.41639915e-02
9.41639915e-02
9.41639915e-02
9.41639915e-02
5.63500114e-02
1.46785527e-01
1.66596815e-01
9.41639915e-02
9.41639915e-02
9.41639915e-02
9.41639915e-02
9.41639915e-02
9.41639915e-02
9.41639915e-02
9.41639915e-02
9.41639915e-02
9.41639915e-02
9.41639915e-02
0.00000000e+00
7.06932843e-02
9.41639915e-02
9.41639915e-02
9.41639915e-02
9.41639915e-02
9.41639915e-02
9.41639915e-02
9.41639915e-02
8.92162099e-02
8.92162099e-02
8.92162099e-02
8.92162099e-02
8.92162099e-02
8.92162099e-02
8.92162099e-02
8.92162099e-02
8.92162099e-02
8.92162099e-02
8.92162099e-02
8.92162099e-02
8.92162099e-02
8.92162099e-02
8.92162099e-02
8.92162099e-02
8.92162099e-02
8.92162099e-02
8.92162099e-02
8.92162099e-02
8.92162099e-02
8.92162099e-02
8.92162099e-02
8.92162099e-02
8.92162099e-02
8.92162099e-02
8.92162099e-02
8.92162099e-02
8.92162099e-02
8.92162099e-02
8.92162099e-02
8.92162099e-02
8.92162099e-02
8.92162099e-02
8.92162099e-02
8.92162099e-02
8.92162099e-02
8.92162099e-02
8.92162099e-02
8.92162099e-02
8.92162099e-02
8.92162099e-02
8.92162099e-02
8.92162099e-02
8.92162099e-02
0.00000000e+00
0.00000000e+00
4.60188501e-02
8.92162099e-02
8.92162099e-02
8.92162099e-02
8.92162099e-02
8.92162099e-02
8.92162099e-02
8.92162099e-02
8.92162099e-02
8.92162099e-02
8.92162099e-02
1.45694613e-01
4.93873805e-01
5.26995778e-01
4.76244211e-01
4.39982116e-01
3.60985994e-01
4.10510719e-01
2.65085667e-01
2.43783712e-01
1.78714916e-01
8.92162099e-02
8.92162099e-02
8.92162099e-02
8.92162099e-02
1.13092050e-01
2.23600894e-01
2.59552270e-01
3.95729661e-01
4.96319026e-01
5.15494525e-01
5.16771495e-01
1.78050220e-01
4.51510251e-01
2.44247049e-01
8.92162099e-02
8.92162099e-02
8.92162099e-02
8.92162099e-02
8.92162099e-02
8.92162099e-02
8.92162099e-02
8.92162099e-02
8.92162099e-02
8.92162099e-02
0.00000000e+00
4.51408744e-01
4.42247182e-01
1.01898991e-01
8.92162099e-02
8.92162099e-02
8.92162099e-02
8.92162099e-02
8.92162099e-02
8.92162099e-02
8.92162099e-02
8.92162099e-02
8.92162099e-02
8.92162099e-02
9.61123109e-02
5.09238601e-01
3.15089136e-01
8.92162099e-02
8.92162099e-02
8.92162099e-02
8.92162099e-02
8.92162099e-02
8.92162099e-02
8.92162099e-02
8.92162099e-02
8.92162099e-02
8.92162099e-02
0.00000000e+00
4.38229680e-01
4.69260395e-01
9.27392021e-02
8.92162099e-02
8.92162099e-02
8.92162099e-02
8.92162099e-02
8.92162099e-02
8.92162099e-02
8.92162099e-02
8.92162099e-02
8.92162099e-02
7.46739134e-02
1.88126758e-01
4.87357676e-01
2.50318795e-01
8.92162099e-02
8.92162099e-02
8.92162099e-02
8.92162099e-02
8.92162099e-02
8.92162099e-02
8.92162099e-02
8.92162099e-02
8.92162099e-02
8.92162099e-02
0.00000000e+00
5.18585920e-01
4.65745181e-01
8.92162099e-02
8.92162099e-02
8.92162099e-02
8.92162099e-02
8.92162099e-02
8.92162099e-02
8.92162099e-02
8.92162099e-02
8.92162099e-02
8.92162099e-02
0.00000000e+00
2.68047452e-01
4.78826582e-01
1.44046932e-01
8.92162099e-02
8.92162099e-02
8.92162099e-02
8.92162099e-02
8.92162099e-02
8.92162099e-02
8.92162099e-02
8.92162099e-02
8.92162099e-02
8.92162099e-02
0.00000000e+00
5.00787437e-01
4.20013040e-01
8.92162099e-02
8.92162099e-02
8.92162099e-02
8.92162099e-02
8.92162099e-02
8.92162099e-02
8.92162099e-02
8.92162099e-02
8.92162099e-02
8.92162099e-02
1.32335275e-01
4.16032791e-01
6.35187089e-01
2.75487602e-01
8.92162099e-02
8.92162099e-02
8.92162099e-02
8.92162099e-02
8.92162099e-02
8.92162099e-02
8.49752128e-02
8.49752128e-02
8.49752128e-02
8.49752128e-02
8.49752128e-02
8.49752128e-02
8.49752128e-02
8.49752128e-02
8.49752128e-02
8.49752128e-02
8.49752128e-02
8.49752128e-02
8.49752128e-02
8.49752128e-02
8.49752128e-02
8.49752128e-02
8.49752128e-02
8.49752128e-02
8.49752128e-02
8.49752128e-02
8.49752128e-02
8.49752128e-02
8.49752128e-02
8.49752128e-02
8.49752128e-02
8.49752128e-02
8.49752128e-02
8.49752128e-02
8.49752128e-02
8.49752128e-02
8.49752128e-02
8.49752128e-02
8.49752128e-02
8.49752128e-02
8.49752128e-02
8.49752128e-02
8.49752128e-02
8.49752128e-02
8.49752128e-02
8.49752128e-02
8.49752128e-02
8.49752128e-02
8.49752128e-02
8.49752128e-02
1.86764672e-01
4.27927017e-01
5.12090325e-01
3.62740815e-01
2.20921218e-01
1.73924744e-01
1.73924744e-01
1.73924744e-01
1.59502313e-01
1.06328025e-01
8.49752128e-02
8.49752128e-02
8.49752128e-02
8.49752128e-02
2.58642972e-01
3.20812911e-01
3.84696066e-01
5.30675769e-01
5.73733389e-01
5.71574211e-01
5.71121991e-01
5.71793079e-01
4.21098322e-01
2.14076459e-01
8.49752128e-02
8.49752128e-02
8.49752128e-02
8.49752128e-02
8.49752128e-02
8.49752128e-02
8.49752128e-02
7.75706768e-02
2.39727870e-02
1.84302777e-03
9.88141894e-02
1.99541911e-01
1.56705484e-01
1.01961628e-01
8.49752128e-02
8.49752128e-02
8.49752128e-02
8.49752128e-02
8.49752128e-02
8.49752128e-02
8.49752128e-02
8.49752128e-02
8.49752128e-02
9.16458964e-02
2.84032434e-01
2.64888227e-01
1.13953158e-01
8.49752128e-02
8.49752128e-02
8.49752128e-02
8.49752128e-02
8.49752128e-02
8.49752128e-02
8.49752128e-02
8.49752128e-02
8.49752128e-02
8.49752128e-02
2.03210056e-01
2.83979177e-01
1.24560319e-01
8.49752128e-02
8.49752128e-02
8.49752128e-02
8.49752128e-02
8.49752128e-02
8.49752128e-02
8.49752128e-02
8.49752128e-02
8.49752128e-02
8.49752128e-02
9.34548974e-02
2.79927313e-01
2.29881898e-01
1.00073293e-01
8.49752128e-02
8.49752128e-02
8.49752128e-02
8.49752128e-02
8.49752128e-02
8.49752128e-02
8.49752128e-02
8.49752128e-02
8.49752128e-02
8.53144005e-02
2.71823645e-01
2.96653628e-01
1.46514118e-01
8.49752128e-02
8.49752128e-02
8.49752128e-02
8.49752128e-02
8.49752128e-02
8.49752128e-02
8.49752128e-02
8.49752128e-02
8.49752128e-02
8.49752128e-02
1.41379386e-01
2.88381368e-01
3.09718072e-01
6.57769516e-02
8.49752128e-02
8.49752128e-02
8.49752128e-02
8.49752128e-02
8.49752128e-02
8.49752128e-02
8.49752128e-02
8.49752128e-02
8.49752128e-02
9.18720216e-02
2.96498001e-01
3.04023266e-01
1.81202680e-01
8.49752128e-02
8.49752128e-02
8.49752128e-02
8.49752128e-02
8.49752128e-02
8.49752128e-02
8.49752128e-02
8.49752128e-02
8.49752128e-02
8.49752128e-02
1.82556108e-01
2.77046204e-01
3.04189920e-01
2.11667508e-01
8.49752128e-02
8.49752128e-02
8.49752128e-02
8.49752128e-02
8.49752128e-02
8.49752128e-02
8.49752128e-02
8.49752128e-02
8.49752128e-02
8.49752128e-02
1.42741919e-01
1.41226381e-01
0.00000000e+00
8.49752128e-02
8.49752128e-02
8.49752128e-02
8.49752128e-02
8.49752128e-02
8.49752128e-02
8.49752128e-02
9.84961763e-02
9.84961763e-02
9.84961763e-02
9.84961763e-02
9.84961763e-02
9.84961763e-02
9.84961763e-02
9.84961763e-02
9.84961763e-02
9.84961763e-02
9.84961763e-02
9.84961763e-02
9.84961763e-02
9.84961763e-02
9.84961763e-02
9.84961763e-02
9.84961763e-02
9.84961763e-02
9.84961763e-02
9.84961763e-02
9.84961763e-02
9.84961763e-02
9.84961763e-02
9.84961763e-02
9.84961763e-02
9.84961763e-02
9.84961763e-02
9.84961763e-02
9.84961763e-02
9.84961763e-02
9.84961763e-02
9.84961763e-02
9.84961763e-02
9.84961763e-02
9.84961763e-02
9.84961763e-02
9.84961763e-02
9.84961763e-02
9.84961763e-02
9.84961763e-02
9.84961763e-02
9.84961763e-02
9.84961763e-02
9.84961763e-02
2.00138748e-01
1.86573416e-01
0.00000000e+00
5.16320392e-02
9.84961763e-02
9.84961763e-02
9.84961763e-02
9.84961763e-02
9.84961763e-02
9.84961763e-02
9.84961763e-02
9.84961763e-02
9.84961763e-02
9.84961763e-02
2.55456507e-01
3.00396144e-01
0.00000000e+00
0.00000000e+00
0.00000000e+00
0.00000000e+00
0.00000000e+00
4.40145284e-03
0.00000000e+00
9.84961763e-02
9.84961763e-02
9.84961763e-02
9.84961763e-02
9.84961763e-02
1.31894141e-01
1.30839407e-01
9.84961763e-02
1.25183523e-01
7.73650929e-02
9.69294012e-02
1.34378776e-01
2.65311688e-01
0.00000000e+00
9.84961763e-02
9.84961763e-02
9.84961763e-02
9.84961763e-02
9.84961763e-02
9.84961763e-02
9.84961763e-02
9.84961763e-02
9.84961763e-02
9.84961763e-02
1.15926474e-01
2.85062522e-01
2.23987490e-01
1.34268254e-02
9.84961763e-02
9.84961763e-02
9.84961763e-02
9.84961763e-02
9.84961763e-02
9.84961763e-02
9.84961763e-02
9.84961763e-02
9.84961763e-02
9.84961763e-02
2.42562741e-01
3.21821004e-01
0.00000000e+00
9.84961763e-02
9.84961763e-02
9.84961763e-02
9.84961763e-02
9.84961763e-02
9.84961763e-02
9.84961763e-02
9.84961763e-02
9.84961763e-02
9.84961763e-02
1.20653331e-01
2.86677152e-01
1.92664132e-01
5.50724864e-02
9.84961763e-02
9.84961763e-02
9.84961763e-02
9.84961763e-02
9.84961763e-02
9.84961763e-02
9.84961763e-02
9.84961763e-02
9.84961763e-02
9.93824601e-02
2.38146067e-01
2.66191632e-01
0.00000000e+00
9.84961763e-02
9.84961763e-02
9.84961763e-02
9.84961763e-02
9.84961763e-02
9.84961763e-02
9.84961763e-02
9.84961763e-02
9.84961763e-02
9.84961763e-02
1.72155187e-01
2.95815051e-01
0.00000000e+00
7.22922236e-02
9.84961763e-02
9.84961763e-02
9.84961763e-02
9.84961763e-02
9.84961763e-02
9.84961763e-02
9.84961763e-02
9.84961763e-02
9.84961763e-02
1.16517328e-01
2.78816223e-01
2.37402529e-01
0.00000000e+00
9.84961763e-02
9.84961763e-02
9.84961763e-02
9.84961763e-02
9.84961763e-02
9.84961763e-02
9.84961763e-02
9.84961763e-02
9.84961763e-02
9.84961763e-02
2.16589957e-01
3.51499617e-01
0.00000000e+00
3.87204476e-02
9.84961763e-02
9.84961763e-02
9.84961763e-02
9.84961763e-02
9.84961763e-02
9.84961763e-02
9.84961763e-02
9.84961763e-02
9.84961763e-02
9.84961763e-02
2.10751712e-01
3.00814658e-01
0.00000000e+00
9.84961763e-02
9.84961763e-02
9.84961763e-02
9.84961763e-02
9.84961763e-02
9.84961763e-02
9.84961763e-02
8.65609869e-02
8.65609869e-02
8.65609869e-02
8.65609869e-02
8.65609869e-02
8.65609869e-02
8.65609869e-02
8.65609869e-02
8.65609869e-02
8.65609869e-02
8.65609869e-02
8.65609869e-02
8.65609869e-02
8.65609869e-02
8.65609869e-02
8.65609869e-02
8.65609869e-02
8.65609869e-02
8.65609869e-02
8.65609869e-02
8.65609869e-02
8.65609869e-02
8.65609869e-02
8.65609869e-02
8.65609869e-02
8.65609869e-02
8.65609869e-02
8.65609869e-02
8.65609869e-02
8.65609869e-02
8.65609869e-02
8.65609869e-02
8.65609869e-02
8.65609869e-02
8.65609869e-02
8.65609869e-02
8.65609869e-02
8.65609869e-02
8.65609869e-02
8.65609869e-02
8.65609869e-02
8.65609869e-02
8.65609869e-02
8.65609869e-02
8.65609869e-02
1.33230507e-01
1.45504177e-01
1.35624036e-01
1.00949712e-01
1.00949712e-01
1.00949712e-01
1.02643602e-01
9.72784832e-02
8.65609869e-02
8.65609869e-02
8.65609869e-02
8.65609869e-02
8.65609869e-02
8.65609869e-02
5.38219094e-01
5.36118746e-01
4.73948807e-01
4.91465420e-01
4.27028328e-01
4.34997708e-01
4.85299379e-01
4.85343605e-01
1.38422683e-01
8.65609869e-02
8.65609869e-02
8.65609869e-02
8.65609869e-02
9.78945568e-02
2.53332675e-01
2.73388177e-01
4.19878006e-01
5.54779470e-01
5.58017313e-01
5.78077376e-01
5.04882038e-01
6.21312201e-01
2.39167809e-01
8.65609869e-02
8.65609869e-02
8.65609869e-02
8.65609869e-02
8.65609869e-02
8.65609869e-02
8.65609869e-02
8.65609869e-02
8.65609869e-02
8.65609869e-02
6.63639009e-02
5.75059652e-01
5.30540705e-01
1.03344746e-01
8.65609869e-02
8.65609869e-02
8.65609869e-02
8.65609869e-02
8.65609869e-02
8.65609869e-02
8.65609869e-02
8.65609869e-02
8.65609869e-02
8.65609869e-02
3.96398336e-01
6.00288868e-01
3.58673841e-01
8.65609869e-02
8.65609869e-02
8.65609869e-02
8.65609869e-02
8.65609869e-02
8.65609869e-02
8.65609869e-02
8.65609869e-02
8.65609869e-02
8.65609869e-02
7.21108317e-02
5.58119059e-01
5.00210464e-01
9.12231430e-02
8.65609869e-02
8.65609869e-02
8.65609869e-02
8.65609869e-02
8.65609869e-02
8.65609869e-02
8.65609869e-02
8.65609869e-02
8.65609869e-02
8.54115635e-02
4.22583818e-01
5.86425126e-01
2.71162778e-01
8.65609869e-02
8.65609869e-02
8.65609869e-02
8.65609869e-02
8.65609869e-02
8.65609869e-02
8.65609869e-02
8.65609869e-02
8.65609869e-02
8.65609869e-02
2.24627465e-01
5.85036635e-01
5.00951886e-01
8.65609869e-02
8.65609869e-02
8.65609869e-02
8.65609869e-02
8.65609869e-02
8.65609869e-02
8.65609869e-02
8.65609869e-02
8.65609869e-02
8.65609869e-02
6.95386231e-02
6.52506232e-01
5.84772587e-01
1.58619583e-01
8.65609869e-02
8.65609869e-02
8.65609869e-02
8.65609869e-02
8.65609869e-02
8.65609869e-02
8.65609869e-02
8.65609869e-02
8.65609869e-02
8.65609869e-02
3.58632296e-01
6.54918611e-01
4.28794175e-01
8.65609869e-02
8.65609869e-02
8.65609869e-02
8.65609869e-02
8.65609869e-02
8.65609869e-02
8.65609869e-02
8.65609869e-02
8.65609869e-02
8.65609869e-02
1.07029073e-01
4.39649403e-01
6.79353714e-01
3.27791095e-01
8.65609869e-02
8.65609869e-02
8.65609869e-02
8.65609869e-02
8.65609869e-02
8.65609869e-02
7.42978305e-02
7.42978305e-02
7.42978305e-02
7.42978305e-02
7.42978305e-02
7.42978305e-02
7.42978305e-02
7.42978305e-02
7.42978305e-02
7.42978305e-02
7.42978305e-02
7.42978305e-02
7.42978305e-02
7.42978305e-02
7.42978305e-02
7.42978305e-02
7.42978305e-02
7.42978305e-02
7.42978305e-02
7.42978305e-02
7.42978305e-02
7.42978305e-02
7.42978305e-02
7.42978305e-02
7.42978305e-02
7.42978305e-02
7.42978305e-02
7.42978305e-02
7.42978305e-02
7.42978305e-02
7.42978305e-02
7.42978305e-02
7.42978305e-02
7.42978305e-02
7.42978305e-02
7.42978305e-02
7.42978305e-02
7.42978305e-02
7.42978305e-02
7.42978305e-02
7.42978305e-02
7.42978305e-02
7.42978305e-02
7.42978305e-02
3.00859153e-01
3.32409918e-01
3.09831530e-01
2.30528340e-01
1.33315682e-01
1.33253723e-01
1.33253723e-01
1.33253723e-01
7.42978305e-02
7.42978305e-02
7.42978305e-02
7.42978305e-02
7.42978305e-02
7.42978305e-02
2.25731581e-01
4.54305232e-01
5.65254807e-01
5.90042412e-01
5.60417414e-01
5.60634375e-01
5.44789553e-01
7.10463226e-01
4.10873473e-01
1.30295783e-01
7.42978305e-02
7.42978305e-02
7.42978305e-02
7.42978305e-02
8.54904503e-02
1.65333673e-01
1.86142161e-01
3.16814095e-01
4.02446985e-01
4.18714464e-01
4.69819903e-01
6.67168260e-01
3.90620649e-01
2.01972261e-01
7.42978305e-02
7.42978305e-02
7.42978305e-02
7.42978305e-02
7.42978305e-02
7.42978305e-02
7.42978305e-02
7.42978305e-02
7.42978305e-02
1.26674131e-01
3.79253328e-01
3.82619202e-01
3.49981189e-01
8.50701854e-02
7.42978305e-02
7.42978305e-02
7.42978305e-02
7.42978305e-02
7.42978305e-02
7.42978305e-02
7.42978305e-02
7.42978305e-02
7.42978305e-02
3.11135054e-01
4.18046534e-01
3.68115664e-01
2.59646386e-01
7.42978305e-02
7.42978305e-02
7.42978305e-02
7.42978305e-02
7.42978305e-02
7.42978305e-02
7.42978305e-02
7.42978305e-02
7.42978305e-02
1.40877873e-01
3.71323586e-01
3.39508533e-01
3.43804359e-01
7.72901475e-02
7.42978305e-02
7.42978305e-02
7.42978305e-02
7.42978305e-02
7.42978305e-02
7.42978305e-02
7.42978305e-02
7.42978305e-02
7.69610330e-02
3.52711916e-01
3.68167043e-01
3.62221777e-01
2.10714310e-01
7.42978305e-02
7.42978305e-02
7.42978305e-02
7.42978305e-02
7.42978305e-02
7.42978305e-02
7.42978305e-02
7.42978305e-02
7.42978305e-02
2.81175226e-01
3.93404067e-01
3.91517401e-01
3.61511350e-01
7.42978305e-02
7.42978305e-02
7.42978305e-02
7.42978305e-02
7.42978305e-02
7.42978305e-02
7.42978305e-02
7.42978305e-02
7.42978305e-02
1.28449589e-01
3.81774127e-01
4.73722160e-01
3.49550068e-01
1.20861948e-01
7.42978305e-02
7.42978305e-02
7.42978305e-02
7.42978305e-02
7.42978305e-02
7.42978305e-02
7.42978305e-02
7.42978305e-02
7.42978305e-02
2.34375492e-01
4.99000311e-01
5.61685681e-01
3.46898496e-01
7.42978305e-02
7.42978305e-02
7.42978305e-02
7.42978305e-02
7.42978305e-02
7.42978305e-02
7.42978305e-02
7.42978305e-02
7.42978305e-02
7.42978305e-02
1.36982933e-01
4.35078502e-01
5.01424491e-01
2.27697343e-01
7.42978305e-02
7.42978305e-02
7.42978305e-02
7.42978305e-02
7.42978305e-02
7.42978305e-02
6.27628341e-02
6.27628341e-02
6.27628341e-02
6.27628341e-02
6.27628341e-02
6.27628341e-02
6.27628341e-02
6.27628341e-02
6.27628341e-02
6.27628341e-02
6.27628341e-02
6.27628341e-02
6.27628341e-02
6.27628341e-02
6.27628341e-02
6.27628341e-02
6.27628341e-02
6.27628341e-02
6.27628341e-02
6.27628341e-02
6.27628341e-02
6.27628341e-02
6.27628341e-02
6.27628341e-02
6.27628341e-02
6.27628341e-02
6.27628341e-02
6.27628341e-02
6.27628341e-02
6.27628341e-02
6.27628341e-02
6.27628341e-02
6.27628341e-02
6.27628341e-02
6.27628341e-02
6.27628341e-02
6.27628341e-02
6.27628341e-02
6.27628341e-02
6.27628341e-02
6.27628341e-02
6.27628341e-02
6.27628341e-02
6.27628341e-02
2.53747344e-01
5.35109460e-01
5.03298283e-01
3.77489567e-01
3.19030821e-01
3.16279083e-01
3.16279083e-01
3.16279083e-01
2.36014068e-01
7.98090547e-02
6.27628341e-02
6.27628341e-02
6.27628341e-02
6.27628341e-02
3.25045526e-01
3.71943951e-01
2.35853344e-01
4.36436027e-01
5.38025439e-01
5.52478909e-01
5.50662160e-01
5.38707733e-01
3.41967791e-01
9.22704712e-02
6.27628341e-02
6.27628341e-02
6.27628341e-02
6.27628341e-02
6.27628341e-02
6.27628341e-02
6.27628341e-02
6.14636727e-02
1.15889162e-02
8.76387209e-03
1.90682709e-01
5.12863934e-01
0.00000000e+00
6.27628341e-02
6.27628341e-02
6.27628341e-02
6.27628341e-02
6.27628341e-02
6.27628341e-02
6.27628341e-02
6.27628341e-02
6.27628341e-02
6.27628341e-02
8.95593241e-02
5.72495222e-01
5.54094791e-01
0.00000000e+00
6.27628341e-02
6.27628341e-02
6.27628341e-02
6.27628341e-02
6.27628341e-02
6.27628341e-02
6.27628341e-02
6.27628341e-02
6.27628341e-02
6.27628341e-02
2.98594624e-01
5.08234859e-01
0.00000000e+00
6.27628341e-02
6.27628341e-02
6.27628341e-02
6.27628341e-02
6.27628341e-02
6.27628341e-02
6.27628341e-02
6.27628341e-02
6.27628341e-02
6.27628341e-02
9.68261659e-02
5.82129598e-01
4.92038965e-01
2.74306163e-02
6.27628341e-02
6.27628341e-02
6.27628341e-02
6.27628341e-02
6.27628341e-02
6.27628341e-02
6.27628341e-02
6.27628341e-02
6.27628341e-02
6.41253665e-02
5.13128698e-01
5.73694944e-01
0.00000000e+00
6.27628341e-02
6.27628341e-02
6.27628341e-02
6.27628341e-02
6.27628341e-02
6.27628341e-02
6.27628341e-02
6.27628341e-02
6.27628341e-02
6.27628341e-02
2.20504969e-01
5.75255215e-01
3.33038628e-01
4.14416678e-02
6.27628341e-02
6.27628341e-02
6.27628341e-02
6.27628341e-02
6.27628341e-02
6.27628341e-02
6.27628341e-02
6.27628341e-02
6.27628341e-02
9.04676765e-02
5.65220118e-01
5.85134566e-01
0.00000000e+00
6.27628341e-02
6.27628341e-02
6.27628341e-02
6.27628341e-02
6.27628341e-02
6.27628341e-02
6.27628341e-02
6.27628341e-02
6.27628341e-02
6.27628341e-02
2.42925733e-01
5.15841305e-01
3.33487630e-01
2.78121158e-02
6.27628341e-02
6.27628341e-02
6.27628341e-02
6.27628341e-02
6.27628341e-02
6.27628341e-02
6.27628341e-02
6.27628341e-02
6.27628341e-02
6.27628341e-02
1.83384925e-01
2.51884818e-01
0.00000000e+00
6.27628341e-02
6.27628341e-02
6.27628341e-02
6.27628341e-02
6.27628341e-02
6.27628341e-02
6.27628341e-02
1.40665919e-01
1.40665919e-01
1.40665919e-01
1.40665919e-01
1.40665919e-01
1.40665919e-01
1.40665919e-01
1.40665919e-01
1.40665919e-01
1.40665919e-01
1.40665919e-01
1.40665919e-01
1.40665919e-01
1.40665919e-01
1.40665919e-01
1.40665919e-01
1.40665919e-01
1.40665919e-01
1.40665919e-01
1.40665919e-01
1.40665919e-01
1.40665919e-01
1.40665919e-01
1.40665919e-01
1.40665919e-01
1.40665919e-01
1.40665919e-01
1.40665919e-01
1.40665919e-01
1.40665919e-01
1.40665919e-01
1.40665919e-01
1.40665919e-01
1.40665919e-01
1.40665919e-01
1.40665919e-01
1.40665919e-01
1.40665919e-01
1.40665919e-01
1.40665919e-01
1.40665919e-01
1.40665919e-01
1.40665919e-01
1.40665919e-01
2.39608258e-01
2.52424479e-01
1.42844856e-01
1.14880286e-01
1.65613547e-01
1.65613547e-01
1.65613547e-01
1.65613547e-01
1.40665919e-01
1.40665919e-01
1.40665919e-01
1.40665919e-01
1.40665919e-01
1.40665919e-01
1.40665919e-01
0.00000000e+00
0.00000000e+00
0.00000000e+00
0.00000000e+00
0.00000000e+00
0.00000000e+00
0.00000000e+00
0.00000000e+00
1.40665919e-01
1.40665919e-01
1.40665919e-01
1.40665919e-01
1.40665919e-01
1.40665919e-01
1.40665919e-01
1.40665919e-01
1.31435961e-01
9.12722871e-02
6.37548938e-02
1.70151681e-01
6.40688166e-02
0.00000000e+00
1.40665919e-01
1.40665919e-01
1.40665919e-01
1.40665919e-01
1.40665919e-01
1.40665919e-01
1.40665919e-01
1.40665919e-01
1.40665919e-01
1.40665919e-01
1.69202119e-01
2.46839732e-01
0.00000000e+00
5.64947203e-02
1.40665919e-01
1.40665919e-01
1.40665919e-01
1.40665919e-01
1.40665919e-01
1.40665919e-01
1.40665919e-01
1.40665919e-01
1.40665919e-01
1.40665919e-01
1.99071392e-01
1.69603929e-01
0.00000000e+00
1.40665919e-01
1.40665919e-01
1.40665919e-01
1.40665919e-01
1.40665919e-01
1.40665919e-01
1.40665919e-01
1.40665919e-01
1.40665919e-01
1.40665919e-01
1.76940739e-01
2.58050144e-01
0.00000000e+00
1.06986731e-01
1.40665919e-01
1.40665919e-01
1.40665919e-01
1.40665919e-01
1.40665919e-01
1.40665919e-01
1.40665919e-01
1.40665919e-01
1.40665919e-01
1.42116919e-01
2.43452400e-01
1.70475274e-01
0.00000000e+00
1.40665919e-01
1.40665919e-01
1.40665919e-01
1.40665919e-01
1.40665919e-01
1.40665919e-01
1.40665919e-01
1.40665919e-01
1.40665919e-01
1.40665919e-01
2.49151140e-01
2.38512456e-01
0.00000000e+00
1.20342270e-01
1.40665919e-01
1.40665919e-01
1.40665919e-01
1.40665919e-01
1.40665919e-01
1.40665919e-01
1.40665919e-01
1.40665919e-01
1.40665919e-01
1.70169443e-01
2.38526613e-01
0.00000000e+00
2.91761756e-03
1.40665919e-01
1.40665919e-01
1.40665919e-01
1.40665919e-01
1.40665919e-01
1.40665919e-01
1.40665919e-01
1.40665919e-01
1.40665919e-01
1.40665919e-01
1.93066671e-01
1.65197268e-01
0.00000000e+00
7.77661279e-02
1.40665919e-01
1.40665919e-01
1.40665919e-01
1.40665919e-01
1.40665919e-01
1.40665919e-01
1.40665919e-01
1.40665919e-01
1.40665919e-01
1.40665919e-01
1.40665919e-01
0.00000000e+00
1.17603391e-02
1.40665919e-01
1.40665919e-01
1.40665919e-01
1.40665919e-01
1.40665919e-01
1.40665919e-01
1.40665919e-01
1.11062542e-01
1.11062542e-01
1.11062542e-01
1.11062542e-01
1.11062542e-01
1.11062542e-01
1.11062542e-01
1.11062542e-01
1.11062542e-01
1.11062542e-01
1.11062542e-01
1.11062542e-01
1.11062542e-01
1.11062542e-01
1.11062542e-01
1.11062542e-01
1.11062542e-01
1.11062542e-01
1.11062542e-01
1.11062542e-01
1.11062542e-01
1.11062542e-01
1.11062542e-01
1.11062542e-01
1.11062542e-01
1.11062542e-01
1.11062542e-01
1.11062542e-01
1.11062542e-01
1.11062542e-01
1.11062542e-01
1.11062542e-01
1.11062542e-01
1.11062542e-01
1.11062542e-01
1.11062542e-01
1.11062542e-01
1.11062542e-01
1.11062542e-01
1.11062542e-01
1.11062542e-01
1.11062542e-01
1.11062542e-01
1.11062542e-01
1.72476321e-01
1.30740196e-01
1.60348177e-01
1.56159177e-01
1.62379235e-01
1.62379235e-01
1.62379235e-01
1.62379235e-01
1.56184256e-01
1.32325828e-01
1.11062542e-01
1.11062542e-01
1.11062542e-01
1.11062542e-01
1.11062542e-01
4.67302352e-02
0.00000000e+00
0.00000000e+00
5.58712184e-02
4.22674865e-02
4.09900472e-02
5.23592085e-02
4.29175794e-02
1.34443894e-01
1.11062542e-01
1.11062542e-01
1.11062542e-01
1.11062542e-01
1.11062542e-01
1.11062542e-01
1.11062542e-01
1.08134389e-01
8.15373212e-02
7.30573237e-02
1.21074364e-01
3.91288847e-03
0.00000000e+00
1.11062542e-01
1.11062542e-01
1.11062542e-01
1.11062542e-01
1.11062542e-01
1.11062542e-01
1.11062542e-01
1.11062542e-01
1.11062542e-01
1.11062542e-01
1.29904762e-01
1.49776012e-01
2.64599174e-02
5.54052144e-02
1.11062542e-01
1.11062542e-01
1.11062542e-01
1.11062542e-01
1.11062542e-01
1.11062542e-01
1.11062542e-01
1.11062542e-01
1.11062542e-01
1.11062542e-01
1.47130579e-01
8.44279975e-02
0.00000000e+00
1.11062542e-01
1.11062542e-01
1.11062542e-01
1.11062542e-01
1.11062542e-01
1.11062542e-01
1.11062542e-01
1.11062542e-01
1.11062542e-01
1.11062542e-01
1.35014519e-01
1.50285706e-01
0.00000000e+00
9.21940207e-02
1.11062542e-01
1.11062542e-01
1.11062542e-01
1.11062542e-01
1.11062542e-01
1.11062542e-01
1.11062542e-01
1.11062542e-01
1.11062542e-01
1.12020619e-01
1.72340065e-01
5.46677820e-02
0.00000000e+00
1.11062542e-01
1.11062542e-01
1.11062542e-01
1.11062542e-01
1.11062542e-01
1.11062542e-01
1.11062542e-01
1.11062542e-01
1.11062542e-01
1.11062542e-01
1.63250059e-01
1.48414582e-01
0.00000000e+00
9.96763632e-02
1.11062542e-01
1.11062542e-01
1.11062542e-01
1.11062542e-01
1.11062542e-01
1.11062542e-01
1.11062542e-01
1.11062542e-01
1.11062542e-01
1.30543485e-01
1.50037304e-01
4.12422568e-02
6.07211106e-02
1.11062542e-01
1.11062542e-01
1.11062542e-01
1.11062542e-01
1.11062542e-01
1.11062542e-01
1.11062542e-01
1.11062542e-01
1.11062542e-01
1.11062542e-01
1.42817810e-01
9.03269798e-02
0.00000000e+00
7.66363442e-02
1.11062542e-01
1.11062542e-01
1.11062542e-01
1.11062542e-01
1.11062542e-01
1.11062542e-01
1.11062542e-01
1.11062542e-01
1.11062542e-01
1.11062542e-01
1.11062542e-01
2.77430341e-02
3.78350616e-02
1.11062542e-01
1.11062542e-01
1.11062542e-01
1.11062542e-01
1.11062542e-01
1.11062542e-01
1.11062542e-01
7.15913475e-02
7.15913475e-02
7.15913475e-02
7.15913475e-02
7.15913475e-02
7.15913475e-02
7.15913475e-02
7.15913475e-02
7.15913475e-02
7.15913475e-02
7.15913475e-02
7.15913475e-02
7.15913475e-02
7.15913475e-02
7.15913475e-02
7.15913475e-02
7.15913475e-02
7.15913475e-02
7.15913475e-02
7.15913475e-02
7.15913475e-02
7.15913475e-02
7.15913475e-02
7.15913475e-02
7.15913475e-02
7.15913475e-02
7.15913475e-02
7.15913475e-02
7.15913475e-02
7.15913475e-02
7.15913475e-02
7.15913475e-02
7.15913475e-02
7.15913475e-02
7.15913475e-02
7.15913475e-02
7.15913475e-02
7.15913475e-02
7.15913475e-02
7.15913475e-02
7.15913475e-02
7.15913475e-02
7.15913475e-02
7.15913475e-02
3.99183780e-01
5.99859834e-01
5.00097036e-01
3.22686404e-01
2.47491658e-01
2.47491658e-01
2.47491658e-01
2.47491658e-01
7.15913475e-02
7.15913475e-02
7.15913475e-02
7.15913475e-02
7.15913475e-02
7.15913475e-02
3.26000273e-01
6.30557060e-01
5.41453838e-01
5.95958948e-01
5.63186586e-01
5.76181531e-01
5.60399294e-01
6.86743617e-01
3.18858743e-01
7.15913475e-02
7.15913475e-02
7.15913475e-02
7.15913475e-02
7.15913475e-02
8.06362778e-02
9.79826078e-02
7.48798922e-02
1.21560462e-01
8.89908373e-02
1.34422541e-01
3.90839219e-01
6.50901914e-01
1.79955184e-01
7.15913475e-02
7.15913475e-02
7.15913475e-02
7.15913475e-02
7.15913475e-02
7.15913475e-02
7.15913475e-02
7.15913475e-02
7.15913475e-02
7.15913475e-02
1.42283946e-01
7.04097509e-01
7.57018685e-01
1.75208561e-02
7.15913475e-02
7.15913475e-02
7.15913475e-02
7.15913475e-02
7.15913475e-02
7.15913475e-02
7.15913475e-02
7.15913475e-02
7.15913475e-02
7.15913475e-02
4.23333406e-01
7.24520802e-01
2.05209702e-01
7.15913475e-02
7.15913475e-02
7.15913475e-02
7.15913475e-02
7.15913475e-02
7.15913475e-02
7.15913475e-02
7.15913475e-02
7.15913475e-02
7.15913475e-02
1.61454812e-01
6.72879219e-01
6.73188090e-01
4.14353348e-02
7.15913475e-02
7.15913475e-02
7.15913475e-02
7.15913475e-02
7.15913475e-02
7.15913475e-02
7.15913475e-02
7.15913475e-02
7.15913475e-02
7.51858875e-02
5.77506661e-01
6.94221377e-01
1.75450504e-01
7.15913475e-02
7.15913475e-02
7.15913475e-02
7.15913475e-02
7.15913475e-02
7.15913475e-02
7.15913475e-02
7.15913475e-02
7.15913475e-02
7.15913475e-02
3.70397478e-01
7.73782849e-01
4.76585150e-01
5.33937551e-02
7.15913475e-02
7.15913475e-02
7.15913475e-02
7.15913475e-02
7.15913475e-02
7.15913475e-02
7.15913475e-02
7.15913475e-02
7.15913475e-02
1.44680291e-01
7.06590652e-01
7.56640792e-01
0.00000000e+00
7.15913475e-02
7.15913475e-02
7.15913475e-02
7.15913475e-02
7.15913475e-02
7.15913475e-02
7.15913475e-02
7.15913475e-02
7.15913475e-02
7.15913475e-02
3.13534439e-01
7.84969926e-01
6.08862638e-01
3.46311070e-02
7.15913475e-02
7.15913475e-02
7.15913475e-02
7.15913475e-02
7.15913475e-02
7.15913475e-02
7.15913475e-02
7.15913475e-02
7.15913475e-02
7.15913475e-02
1.76654637e-01
4.26942945e-01
1.40677899e-01
7.15913475e-02
7.15913475e-02
7.15913475e-02
7.15913475e-02
7.15913475e-02
7.15913475e-02
7.15913475e-02
6.50395229e-02
6.50395229e-02
6.50395229e-02
6.50395229e-02
6.50395229e-02
6.50395229e-02
6.50395229e-02
6.50395229e-02
6.50395229e-02
6.50395229e-02
6.50395229e-02
6.50395229e-02
6.50395229e-02
6.50395229e-02
6.50395229e-02
6.50395229e-02
6.50395229e-02
6.50395229e-02
6.50395229e-02
6.50395229e-02
6.50395229e-02
6.50395229e-02
6.50395229e-02
6.50395229e-02
6.50395229e-02
6.50395229e-02
6.50395229e-02
6.50395229e-02
6.50395229e-02
6.50395229e-02
6.50395229e-02
6.50395229e-02
6.50395229e-02
6.50395229e-02
6.50395229e-02
6.50395229e-02
6.50395229e-02
6.50395229e-02
6.50395229e-02
6.50395229e-02
6.50395229e-02
6.50395229e-02
6.50395229e-02
6.50395229e-02
1.50785625e-01
2.41308391e-01
2.62001306e-01
1.55227602e-01
6.50395229e-02
6.50395229e-02
6.50395229e-02
6.50395229e-02
6.50395229e-02
6.50395229e-02
6.50395229e-02
6.50395229e-02
6.50395229e-02
6.50395229e-02
1.13812827e-01
1.94233179e-01
2.81018406e-01
3.45120877e-01
3.14256996e-01
3.06834787e-01
3.01644742e-01
3.08748215e-01
2.16376126e-01
1.06815882e-01
6.50395229e-02
6.50395229e-02
6.50395229e-02
6.50395229e-02
6.50395229e-02
6.50395229e-02
6.50395229e-02
5.98451644e-02
3.19963284e-02
1.77249312e-03
1.01779535e-01
1.10756315e-01
1.02104291e-01
9.95080695e-02
6.50395229e-02
6.50395229e-02
6.50395229e-02
6.50395229e-02
6.50395229e-02
6.50395229e-02
6.50395229e-02
6.50395229e-02
6.50395229e-02
8.23150426e-02
1.57201216e-01
1.46718964e-01
1.17561013e-01
6.50395229e-02
6.50395229e-02
6.50395229e-02
6.50395229e-02
6.50395229e-02
6.50395229e-02
6.50395229e-02
6.50395229e-02
6.50395229e-02
6.50395229e-02
1.37944654e-01
1.68708980e-01
8.59870315e-02
6.50395229e-02
6.50395229e-02
6.50395229e-02
6.50395229e-02
6.50395229e-02
6.50395229e-02
6.50395229e-02
6.50395229e-02
6.50395229e-02
6.50395229e-02
8.69999304e-02
1.50764868e-01
7.48406425e-02
8.38173702e-02
6.50395229e-02
6.50395229e-02
6.50395229e-02
6.50395229e-02
6.50395229e-02
6.50395229e-02
6.50395229e-02
6.50395229e-02
6.50395229e-02
6.59179389e-02
1.44183099e-01
1.58273965e-01
8.11579674e-02
7.87758082e-02
6.50395229e-02
6.50395229e-02
6.50395229e-02
6.50395229e-02
6.50395229e-02
6.50395229e-02
6.50395229e-02
6.50395229e-02
6.50395229e-02
1.32426515e-01
1.87364697e-01
7.51048699e-02
7.03530163e-02
6.50395229e-02
6.50395229e-02
6.50395229e-02
6.50395229e-02
6.50395229e-02
6.50395229e-02
6.50395229e-02
6.50395229e-02
6.50395229e-02
8.29006508e-02
1.73334286e-01
1.76855057e-01
7.26743266e-02
6.50395229e-02
6.50395229e-02
6.50395229e-02
6.50395229e-02
6.50395229e-02
6.50395229e-02
6.50395229e-02
6.50395229e-02
6.50395229e-02
6.50395229e-02
1.15532562e-01
1.69554293e-01
1.14648961e-01
1.32645413e-01
6.50395229e-02
6.50395229e-02
6.50395229e-02
6.50395229e-02
6.50395229e-02
6.50395229e-02
6.50395229e-02
6.50395229e-02
6.50395229e-02
6.50395229e-02
6.50395229e-02
7.80593753e-02
6.23677485e-02
6.50395229e-02
6.50395229e-02
6.50395229e-02
6.50395229e-02
6.50395229e-02
6.50395229e-02
6.50395229e-02
6.57676160e-02
6.57676160e-02
6.57676160e-02
6.57676160e-02
6.57676160e-02
6.57676160e-02
6.57676160e-02
6.57676160e-02
6.57676160e-02
6.57676160e-02
6.57676160e-02
6.57676160e-02
6.57676160e-02
6.57676160e-02
6.57676160e-02
6.57676160e-02
6.57676160e-02
6.57676160e-02
6.57676160e-02
6.57676160e-02
6.57676160e-02
6.57676160e-02
6.57676160e-02
6.57676160e-02
6.57676160e-02
6.57676160e-02
6.57676160e-02
6.57676160e-02
6.57676160e-02
6.57676160e-02
6.57676160e-02
6.57676160e-02
6.57676160e-02
6.57676160e-02
6.57676160e-02
6.57676160e-02
6.57676160e-02
6.57676160e-02
6.57676160e-02
6.57676160e-02
6.57676160e-02
6.57676160e-02
6.57676160e-02
6.57676160e-02
6.57676160e-02
4.42589521e-01
5.54072797e-01
5.28702259e-01
3.91831130e-01
3.20432842e-01
3.20432842e-01
3.23876619e-01
3.25543016e-01
1.15186833e-01
6.57676160e-02
6.57676160e-02
6.57676160e-02
6.57676160e-02
6.81952834e-02
5.25987148e-01
5.38197041e-01
5.46578228e-01
5.73949099e-01
5.63974857e-01
5.65214396e-01
5.48703074e-01
7.64582634e-01
2.78885782e-01
6.57676160e-02
6.57676160e-02
6.57676160e-02
6.57676160e-02
7.11261928e-02
1.60551250e-01
1.67217970e-01
2.48832121e-01
3.00124139e-01
3.29670340e-01
3.31180573e-01
6.98039770e-01
8.35252523e-01
1.55657142e-01
6.57676160e-02
6.57676160e-02
6.57676160e-02
6.57676160e-02
6.57676160e-02
6.57676160e-02
6.57676160e-02
6.57676160e-02
6.57676160e-02
6.57676160e-02
2.15980381e-01
8.74849081e-01
6.97642803e-01
6.57676160e-02
6.57676160e-02
6.57676160e-02
6.57676160e-02
6.57676160e-02
6.57676160e-02
6.57676160e-02
6.57676160e-02
6.57676160e-02
6.57676160e-02
6.57676160e-02
7.25418448e-01
8.71921420e-01
1.31524771e-01
6.57676160e-02
6.57676160e-02
6.57676160e-02
6.57676160e-02
6.57676160e-02
6.57676160e-02
6.57676160e-02
6.57676160e-02
6.57676160e-02
6.57676160e-02
2.19759539e-01
8.27790737e-01
5.92202067e-01
6.57676160e-02
6.57676160e-02
6.57676160e-02
6.57676160e-02
6.57676160e-02
6.57676160e-02
6.57676160e-02
6.57676160e-02
6.57676160e-02
6.57676160e-02
9.06482637e-02
8.39578390e-01
8.58172894e-01
9.18570608e-02
6.57676160e-02
6.57676160e-02
6.57676160e-02
6.57676160e-02
6.57676160e-02
6.57676160e-02
6.57676160e-02
6.57676160e-02
6.57676160e-02
6.57676160e-02
6.10937715e-01
8.29620242e-01
4.43830997e-01
6.57676160e-02
6.57676160e-02
6.57676160e-02
6.57676160e-02
6.57676160e-02
6.57676160e-02
6.57676160e-02
6.57676160e-02
6.57676160e-02
6.57676160e-02
2.22612247e-01
8.81956220e-01
7.66314507e-01
6.57676160e-02
6.57676160e-02
6.57676160e-02
6.57676160e-02
6.57676160e-02
6.57676160e-02
6.57676160e-02
6.57676160e-02
6.57676160e-02
6.57676160e-02
6.57676160e-02
5.98295331e-01
8.58666778e-01
5.33799887e-01
6.57676160e-02
6.57676160e-02
6.57676160e-02
6.57676160e-02
6.57676160e-02
6.57676160e-02
6.57676160e-02
6.57676160e-02
6.57676160e-02
6.57676160e-02
7.54450485e-02
4.05871272e-01
5.31244040e-01
8.83675739e-02
6.57676160e-02
6.57676160e-02
6.57676160e-02
6.57676160e-02
6.57676160e-02
6.57676160e-02
9.16659757e-02
9.16659757e-02
9.16659757e-02
9.16659757e-02
9.16659757e-02
9.16659757e-02
9.16659757e-02
9.16659757e-02
9.16659757e-02
9.16659757e-02
9.16659757e-02
9.16659757e-02
9.16659757e-02
9.16659757e-02
9.16659757e-02
9.16659757e-02
9.16659757e-02
9.16659757e-02
9.16659757e-02
9.16659757e-02
9.16659757e-02
9.16659757e-02
9.16659757e-02
9.16659757e-02
9.16659757e-02
9.16659757e-02
9.16659757e-02
9.16659757e-02
9.16659757e-02
9.16659757e-02
9.16659757e-02
9.16659757e-02
9.16659757e-02
9.16659757e-02
9.16659757e-02
9.16659757e-02
9.16659757e-02
9.16659757e-02
9.16659757e-02
9.16659757e-02
9.16659757e-02
9.16659757e-02
9.16659757e-02
9.16659757e-02
1.03414997e-01
9.32827815e-02
1.15812942e-02
6.56638294e-02
9.16659757e-02
9.16659757e-02
9.16659757e-02
9.16659757e-02
9.16659757e-02
9.16659757e-02
9.16659757e-02
9.16659757e-02
9.16659757e-02
9.16659757e-02
1.98495254e-01
1.10216528e-01
0.00000000e+00
0.00000000e+00
0.00000000e+00
0.00000000e+00
0.00000000e+00
0.00000000e+00
0.00000000e+00
9.16659757e-02
9.16659757e-02
9.16659757e-02
9.16659757e-02
9.16659757e-02
1.05791703e-01
9.44907367e-02
9.16659757e-02
1.00199215e-01
7.98668116e-02
8.00225288e-02
6.39114231e-02
1.37688398e-01
0.00000000e+00
9.16659757e-02
9.16659757e-02
9.16659757e-02
9.16659757e-02
9.16659757e-02
9.16659757e-02
9.16659757e-02
9.16659757e-02
9.16659757e-02
9.16659757e-02
9.16659757e-02
1.63246021e-01
3.58791649e-02
5.14956340e-02
9.16659757e-02
9.16659757e-02
9.16659757e-02
9.16659757e-02
9.16659757e-02
9.16659757e-02
9.16659757e-02
9.16659757e-02
9.16659757e-02
9.16659757e-02
1.38351932e-01
1.65207878e-01
0.00000000e+00
9.16659757e-02
9.16659757e-02
9.16659757e-02
9.16659757e-02
9.16659757e-02
9.16659757e-02
9.16659757e-02
9.16659757e-02
9.16659757e-02
9.16659757e-02
9.16659757e-02
1.66895986e-01
3.93902361e-02
7.27782324e-02
9.16659757e-02
9.16659757e-02
9.16659757e-02
9.16659757e-02
9.16659757e-02
9.16659757e-02
9.16659757e-02
9.16659757e-02
9.16659757e-02
9.16659757e-02
1.50391847e-01
1.44829258e-01
0.00000000e+00
9.16659757e-02
9.16659757e-02
9.16659757e-02
9.16659757e-02
9.16659757e-02
9.16659757e-02
9.16659757e-02
9.16659757e-02
9.16659757e-02
9.16659757e-02
9.16659757e-02
1.70933723e-01
0.00000000e+00
8.02682042e-02
9.16659757e-02
9.16659757e-02
9.16659757e-02
9.16659757e-02
9.16659757e-02
9.16659757e-02
9.16659757e-02
9.16659757e-02
9.16659757e-02
9.16659757e-02
1.46023095e-01
4.73815091e-02
1.83449239e-02
9.16659757e-02
9.16659757e-02
9.16659757e-02
9.16659757e-02
9.16659757e-02
9.16659757e-02
9.16659757e-02
9.16659757e-02
9.16659757e-02
9.16659757e-02
1.43661514e-01
1.63193792e-01
0.00000000e+00
6.27854764e-02
9.16659757e-02
9.16659757e-02
9.16659757e-02
9.16659757e-02
9.16659757e-02
9.16659757e-02
9.16659757e-02
9.16659757e-02
9.16659757e-02
9.16659757e-02
1.69830918e-01
1.70426309e-01
1.85580552e-02
9.16659757e-02
9.16659757e-02
9.16659757e-02
9.16659757e-02
9.16659757e-02
9.16659757e-02
9.16659757e-02
1.28623679e-01
1.28623679e-01
1.28623679e-01
1.28623679e-01
1.28623679e-01
1.28623679e-01
1.28623679e-01
1.28623679e-01
1.28623679e-01
1.28623679e-01
1.28623679e-01
1.28623679e-01
1.28623679e-01
1.28623679e-01
1.28623679e-01
1.28623679e-01
1.28623679e-01
1.28623679e-01
1.28623679e-01
1.28623679e-01
1.28623679e-01
1.28623679e-01
1.28623679e-01
1.28623679e-01
1.28623679e-01
1.28623679e-01
1.28623679e-01
1.28623679e-01
1.28623679e-01
1.28623679e-01
1.28623679e-01
1.28623679e-01
1.28623679e-01
1.28623679e-01
1.28623679e-01
1.28623679e-01
1.28623679e-01
1.28623679e-01
1.28623679e-01
1.28623679e-01
1.28623679e-01
1.28623679e-01
1.28623679e-01
1.28623679e-01
1.28623679e-01
5.01108095e-02
0.00000000e+00
7.76928067e-02
1.28623679e-01
1.28623679e-01
1.28623679e-01
1.28623679e-01
1.28623679e-01
1.28623679e-01
1.28623679e-01
1.28623679e-01
1.28623679e-01
1.28623679e-01
2.10676193e-01
1.79919481e-01
1.54810712e-01
7.99929872e-02
0.00000000e+00
0.00000000e+00
0.00000000e+00
0.00000000e+00
0.00000000e+00
1.28623679e-01
1.28623679e-01
1.28623679e-01
1.28623679e-01
1.28623679e-01
1.62377417e-01
1.57035470e-01
2.19769061e-01
2.29723662e-01
2.33963579e-01
2.25694776e-01
2.08896726e-01
5.67774549e-02
3.43671590e-02
1.77133054e-01
1.28623679e-01
1.28623679e-01
1.28623679e-01
1.28623679e-01
1.28623679e-01
1.28623679e-01
1.28623679e-01
1.28623679e-01
1.28623679e-01
1.28623679e-01
8.48114118e-02
0.00000000e+00
1.57221854e-01
1.38870925e-01
1.28623679e-01
1.28623679e-01
1.28623679e-01
1.28623679e-01
1.28623679e-01
1.28623679e-01
1.28623679e-01
1.28623679e-01
1.28623679e-01
1.28623679e-01
0.00000000e+00
8.57416689e-02
2.01107115e-01
1.28623679e-01
1.28623679e-01
1.28623679e-01
1.28623679e-01
1.28623679e-01
1.28623679e-01
1.28623679e-01
1.28623679e-01
1.28623679e-01
1.28623679e-01
9.13826376e-02
0.00000000e+00
1.94778755e-01
1.31470144e-01
1.28623679e-01
1.28623679e-01
1.28623679e-01
1.28623679e-01
1.28623679e-01
1.28623679e-01
1.28623679e-01
1.28623679e-01
1.28623679e-01
1.23611353e-01
0.00000000e+00
1.09132387e-01
1.94755495e-01
1.28623679e-01
1.28623679e-01
1.28623679e-01
1.28623679e-01
1.28623679e-01
1.28623679e-01
1.28623679e-01
1.28623679e-01
1.28623679e-01
1.28623679e-01
0.00000000e+00
0.00000000e+00
2.00112522e-01
1.28623679e-01
1.28623679e-01
1.28623679e-01
1.28623679e-01
1.28623679e-01
1.28623679e-01
1.28623679e-01
1.28623679e-01
1.28623679e-01
1.28623679e-01
7.97547847e-02
0.00000000e+00
1.31002128e-01
1.71801612e-01
1.28623679e-01
1.28623679e-01
1.28623679e-01
1.28623679e-01
1.28623679e-01
1.28623679e-01
1.28623679e-01
1.28623679e-01
1.28623679e-01
1.28623679e-01
0.00000000e+00
0.00000000e+00
1.31925598e-01
1.28623679e-01
1.28623679e-01
1.28623679e-01
1.28623679e-01
1.28623679e-01
1.28623679e-01
1.28623679e-01
1.28623679e-01
1.28623679e-01
1.28623679e-01
1.89581901e-01
2.04176441e-01
2.38670692e-01
2.24137694e-01
1.28623679e-01
1.28623679e-01
1.28623679e-01
1.28623679e-01
1.28623679e-01
1.28623679e-01
9.83958319e-02
9.83958319e-02
9.83958319e-02
9.83958319e-02
9.83958319e-02
9.83958319e-02
9.83958319e-02
9.83958319e-02
9.83958319e-02
9.83958319e-02
9.83958319e-02
9.83958319e-02
9.83958319e-02
9.83958319e-02
9.83958319e-02
9.83958319e-02
9.83958319e-02
9.83958319e-02
9.83958319e-02
9.83958319e-02
9.83958319e-02
9.83958319e-02
9.83958319e-02
9.83958319e-02
9.83958319e-02
9.83958319e-02
9.83958319e-02
9.83958319e-02
9.83958319e-02
9.83958319e-02
9.83958319e-02
9.83958319e-02
9.83958319e-02
9.83958319e-02
9.83958319e-02
9.83958319e-02
9.83958319e-02
9.83958319e-02
9.83958319e-02
9.83958319e-02
9.83958319e-02
9.83958319e-02
9.83958319e-02
9.83958319e-02
9.83958319e-02
8.09775740e-02
7.52713829e-02
9.87437293e-02
9.83958319e-02
9.83958319e-02
9.83958319e-02
9.83958319e-02
9.83958319e-02
9.83958319e-02
9.83958319e-02
9.83958319e-02
9.83958319e-02
9.83958319e-02
1.84992313e-01
1.16183273e-01
1.95138827e-02
3.34080085e-02
4.48963903e-02
3.93536799e-02
4.85188365e-02
3.08348238e-02
7.80625865e-02
9.83958319e-02
9.83958319e-02
9.83958319e-02
9.83958319e-02
9.83958319e-02
9.99974683e-02
9.83958319e-02
9.83958319e-02
9.88022164e-02
8.17282721e-02
7.06684813e-02
4.77287844e-02
1.03868283e-01
0.00000000e+00
9.83958319e-02
9.83958319e-02
9.83958319e-02
9.83958319e-02
9.83958319e-02
9.83958319e-02
9.83958319e-02
9.83958319e-02
9.83958319e-02
9.83958319e-02
9.83958319e-02
1.06466681e-01
7.00711310e-02
7.98478276e-02
9.83958319e-02
9.83958319e-02
9.83958319e-02
9.83958319e-02
9.83958319e-02
9.83958319e-02
9.83958319e-02
9.83958319e-02
9.83958319e-02
9.83958319e-02
9.83958319e-02
1.07795283e-01
6.97413832e-03
9.83958319e-02
9.83958319e-02
9.83958319e-02
9.83958319e-02
9.83958319e-02
9.83958319e-02
9.83958319e-02
9.83958319e-02
9.83958319e-02
9.83958319e-02
9.83958319e-02
1.18205711e-01
7.99781978e-02
8.72318521e-02
9.83958319e-02
9.83958319e-02
9.83958319e-02
9.83958319e-02
9.83958319e-02
9.83958319e-02
9.83958319e-02
9.83958319e-02
9.83958319e-02
9.83958319e-02
1.10896021e-01
1.20000631e-01
1.61985904e-02
9.83958319e-02
9.83958319e-02
9.83958319e-02
9.83958319e-02
9.83958319e-02
9.83958319e-02
9.83958319e-02
9.83958319e-02
9.83958319e-02
9.83958319e-02
9.83958319e-02
1.28440261e-01
5.14849536e-02
9.16589499e-02
9.83958319e-02
9.83958319e-02
9.83958319e-02
9.83958319e-02
9.83958319e-02
9.83958319e-02
9.83958319e-02
9.83958319e-02
9.83958319e-02
9.83958319e-02
1.00446671e-01
7.44779333e-02
6.74164891e-02
9.83958319e-02
9.83958319e-02
9.83958319e-02
9.83958319e-02
9.83958319e-02
9.83958319e-02
9.83958319e-02
9.83958319e-02
9.83958319e-02
9.83958319e-02
9.83958319e-02
1.01454139e-01
1.75113827e-02
8.60485956e-02
9.83958319e-02
9.83958319e-02
9.83958319e-02
9.83958319e-02
9.83958319e-02
9.83958319e-02
9.83958319e-02
9.83958319e-02
9.83958319e-02
9.83958319e-02
1.68219566e-01
1.74528390e-01
5.13965115e-02
9.83958319e-02
9.83958319e-02
9.83958319e-02
9.83958319e-02
9.83958319e-02
9.83958319e-02
9.83958319e-02
9.37197506e-02
9.37197506e-02
9.37197506e-02
9.37197506e-02
9.37197506e-02
9.37197506e-02
9.37197506e-02
9.37197506e-02
9.37197506e-02
9.37197506e-02
9.37197506e-02
9.37197506e-02
9.37197506e-02
9.37197506e-02
9.37197506e-02
9.37197506e-02
9.37197506e-02
9.37197506e-02
9.37197506e-02
9.37197506e-02
9.37197506e-02
9.37197506e-02
9.37197506e-02
9.37197506e-02
9.37197506e-02
9.37197506e-02
9.37197506e-02
9.37197506e-02
9.37197506e-02
9.37197506e-02
9.37197506e-02
9.37197506e-02
9.37197506e-02
9.37197506e-02
9.37197506e-02
9.37197506e-02
9.37197506e-02
9.37197506e-02
9.37197506e-02
9.37197506e-02
9.37197506e-02
9.37197506e-02
9.37197506e-02
9.37197506e-02
9.37197506e-02
0.00000000e+00
0.00000000e+00
4.06853333e-02
9.37197506e-02
9.37197506e-02
9.37197506e-02
9.37197506e-02
9.37197506e-02
9.37197506e-02
9.37197506e-02
9.37197506e-02
9.37197506e-02
9.37197506e-02
1.21916369e-01
4.34741884e-01
4.50194538e-01
3.88848573e-01
3.12735915e-01
2.51134962e-01
2.87746727e-01
2.09346667e-01
1.35727122e-01
1.42943472e-01
9.37197506e-02
9.37197506e-02
9.37197506e-02
9.37197506e-02
1.11288719e-01
2.21275240e-01
2.47691557e-01
3.62446517e-01
4.35626417e-01
4.52829480e-01
4.55364704e-01
1.51526257e-01
3.49464476e-01
2.01215848e-01
9.37197506e-02
9.37197506e-02
9.37197506e-02
9.37197506e-02
9.37197506e-02
9.37197506e-02
9.37197506e-02
9.37197506e-02
9.37197506e-02
9.37197506e-02
2.10659206e-02
3.46219152e-01
3.52913827e-01
1.02914110e-01
9.37197506e-02
9.37197506e-02
9.37197506e-02
9.37197506e-02
9.37197506e-02
9.37197506e-02
9.37197506e-02
9.37197506e-02
9.37197506e-02
9.37197506e-02
0.00000000e+00
4.28968698e-01
2.66744643e-01
9.37197506e-02
9.37197506e-02
9.37197506e-02
9.37197506e-02
9.37197506e-02
9.37197506e-02
9.37197506e-02
9.37197506e-02
9.37197506e-02
9.37197506e-02
2.83505172e-02
3.48988265e-01
3.89405131e-01
9.62737426e-02
9.37197506e-02
9.37197506e-02
9.37197506e-02
9.37197506e-02
9.37197506e-02
9.37197506e-02
9.37197506e-02
9.37197506e-02
9.37197506e-02
8.44705030e-02
6.74822479e-02
3.94501030e-01
2.08961949e-01
9.37197506e-02
9.37197506e-02
9.37197506e-02
9.37197506e-02
9.37197506e-02
9.37197506e-02
9.37197506e-02
9.37197506e-02
9.37197506e-02
9.37197506e-02
0.00000000e+00
4.40007716e-01
3.94552410e-01
9.37197506e-02
9.37197506e-02
9.37197506e-02
9.37197506e-02
9.37197506e-02
9.37197506e-02
9.37197506e-02
9.37197506e-02
9.37197506e-02
9.37197506e-02
1.50865838e-02
1.34545773e-01
3.82372767e-01
1.33442014e-01
9.37197506e-02
9.37197506e-02
9.37197506e-02
9.37197506e-02
9.37197506e-02
9.37197506e-02
9.37197506e-02
9.37197506e-02
9.37197506e-02
9.37197506e-02
0.00000000e+00
4.06611532e-01
3.37994337e-01
9.37197506e-02
9.37197506e-02
9.37197506e-02
9.37197506e-02
9.37197506e-02
9.37197506e-02
9.37197506e-02
9.37197506e-02
9.37197506e-02
9.37197506e-02
1.25448778e-01
3.75690699e-01
5.40171981e-01
2.38742799e-01
9.37197506e-02
9.37197506e-02
9.37197506e-02
9.37197506e-02
9.37197506e-02
9.37197506e-02
8.22344571e-02
8.22344571e-02
8.22344571e-02
8.22344571e-02
8.22344571e-02
8.22344571e-02
8.22344571e-02
8.22344571e-02
8.22344571e-02
8.22344571e-02
8.22344571e-02
8.22344571e-02
8.22344571e-02
8.22344571e-02
8.22344571e-02
8.22344571e-02
8.22344571e-02
8.22344571e-02
8.22344571e-02
8.22344571e-02
8.22344571e-02
8.22344571e-02
8.22344571e-02
8.22344571e-02
8.22344571e-02
8.22344571e-02
8.22344571e-02
8.22344571e-02
8.22344571e-02
8.22344571e-02
8.22344571e-02
8.22344571e-02
8.22344571e-02
8.22344571e-02
8.22344571e-02
8.22344571e-02
8.22344571e-02
8.22344571e-02
8.22344571e-02
8.22344571e-02
8.22344571e-02
8.22344571e-02
8.22344571e-02
8.22344571e-02
2.06851318e-01
5.56351185e-01
6.08687282e-01
4.91021156e-01
3.36343586e-01
3.07823300e-01
3.07823300e-01
3.07823300e-01
2.41032019e-01
9.16931927e-02
8.22344571e-02
8.22344571e-02
8.22344571e-02
8.22344571e-02
2.65685380e-01
7.21799493e-01
6.79573298e-01
6.74160838e-01
6.53073370e-01
6.93683326e-01
6.88620508e-01
8.28779459e-01
7.09314167e-01
1.63249254e-01
8.22344571e-02
8.22344571e-02
8.22344571e-02
8.22344571e-02
1.06327154e-01
1.83566853e-01
2.14485794e-01
3.56407642e-01
3.59572887e-01
3.99455249e-01
3.93312633e-01
8.37755382e-01
7.09249437e-01
9.59437788e-02
8.22344571e-02
8.22344571e-02
8.22344571e-02
8.22344571e-02
8.22344571e-02
8.22344571e-02
8.22344571e-02
8.22344571e-02
8.22344571e-02
1.02225944e-01
6.19426429e-01
8.74073625e-01
4.19052064e-01
8.22344571e-02
8.22344571e-02
8.22344571e-02
8.22344571e-02
8.22344571e-02
8.22344571e-02
8.22344571e-02
8.22344571e-02
8.22344571e-02
8.22344571e-02
2.56687939e-01
8.33585560e-01
7.53357410e-01
8.22344571e-02
8.22344571e-02
8.22344571e-02
8.22344571e-02
8.22344571e-02
8.22344571e-02
8.22344571e-02
8.22344571e-02
8.22344571e-02
8.22344571e-02
1.07647374e-01
5.96611500e-01
8.07134569e-01
3.46775115e-01
8.22344571e-02
8.22344571e-02
8.22344571e-02
8.22344571e-02
8.22344571e-02
8.22344571e-02
8.22344571e-02
8.22344571e-02
8.22344571e-02
8.32509771e-02
4.56352293e-01
8.45954537e-01
7.14138210e-01
8.22344571e-02
8.22344571e-02
8.22344571e-02
8.22344571e-02
8.22344571e-02
8.22344571e-02
8.22344571e-02
8.22344571e-02
8.22344571e-02
8.22344571e-02
2.00734913e-01
8.24852586e-01
9.01677310e-01
2.84792721e-01
8.22344571e-02
8.22344571e-02
8.22344571e-02
8.22344571e-02
8.22344571e-02
8.22344571e-02
8.22344571e-02
8.22344571e-02
8.22344571e-02
1.02903627e-01
6.21142089e-01
9.38094676e-01
4.95533884e-01
8.22344571e-02
8.22344571e-02
8.22344571e-02
8.22344571e-02
8.22344571e-02
8.22344571e-02
8.22344571e-02
8.22344571e-02
8.22344571e-02
8.22344571e-02
2.16320902e-01
8.98164868e-01
9.80502665e-01
2.60355145e-01
8.22344571e-02
8.22344571e-02
8.22344571e-02
8.22344571e-02
8.22344571e-02
8.22344571e-02
8.22344571e-02
8.22344571e-02
8.22344571e-02
8.22344571e-02
1.96896940e-01
6.10091925e-01
5.02467275e-01
8.22344571e-02
8.22344571e-02
8.22344571e-02
8.22344571e-02
8.22344571e-02
8.22344571e-02
8.22344571e-02
6.98677972e-02
6.98677972e-02
6.98677972e-02
6.98677972e-02
6.98677972e-02
6.98677972e-02
6.98677972e-02
6.98677972e-02
6.98677972e-02
6.98677972e-02
6.98677972e-02
6.98677972e-02
6.98677972e-02
6.98677972e-02
6.98677972e-02
6.98677972e-02
6.98677972e-02
6.98677972e-02
6.98677972e-02
6.98677972e-02
6.98677972e-02
6.98677972e-02
6.98677972e-02
6.98677972e-02
6.98677972e-02
6.98677972e-02
6.98677972e-02
6.98677972e-02
6.98677972e-02
6.98677972e-02
6.98677972e-02
6.98677972e-02
6.98677972e-02
6.98677972e-02
6.98677972e-02
6.98677972e-02
6.98677972e-02
6.98677972e-02
6.98677972e-02
6.98677972e-02
6.98677972e-02
6.98677972e-02
6.98677972e-02
6.98677972e-02
2.53446490e-01
6.33062303e-01
6.54770076e-01
5.44209421e-01
4.12595481e-01
3.88425380e-01
3.88425380e-01
3.88425380e-01
2.79841274e-01
8.92157629e-02
6.98677972e-02
6.98677972e-02
6.98677972e-02
6.98677972e-02
2.50598371e-01
4.14642572e-01
4.48251545e-01
6.39162302e-01
6.78231061e-01
6.95923209e-01
6.93416357e-01
6.79183066e-01
5.37652731e-01
1.33760780e-01
6.98677972e-02
6.98677972e-02
6.98677972e-02
6.98677972e-02
8.68386328e-02
6.98677972e-02
6.98677972e-02
7.90897682e-02
6.08998984e-02
5.31045049e-02
2.32472777e-01
5.75108588e-01
3.46683413e-01
6.98677972e-02
6.98677972e-02
6.98677972e-02
6.98677972e-02
6.98677972e-02
6.98677972e-02
6.98677972e-02
6.98677972e-02
6.98677972e-02
6.98677972e-02
1.06844641e-01
6.30735219e-01
6.69053733e-01
1.08158484e-01
6.98677972e-02
6.98677972e-02
6.98677972e-02
6.98677972e-02
6.98677972e-02
6.98677972e-02
6.98677972e-02
6.98677972e-02
6.98677972e-02
6.98677972e-02
2.89153785e-01
6.31889284e-01
3.67414474e-01
6.98677972e-02
6.98677972e-02
6.98677972e-02
6.98677972e-02
6.98677972e-02
6.98677972e-02
6.98677972e-02
6.98677972e-02
6.98677972e-02
6.98677972e-02
1.16872258e-01
6.26748323e-01
5.94820678e-01
5.64504340e-02
6.98677972e-02
6.98677972e-02
6.98677972e-02
6.98677972e-02
6.98677972e-02
6.98677972e-02
6.98677972e-02
6.98677972e-02
6.98677972e-02
7.17479736e-02
4.96444851e-01
6.82387471e-01
3.31204891e-01
6.98677972e-02
6.98677972e-02
6.98677972e-02
6.98677972e-02
6.98677972e-02
6.98677972e-02
6.98677972e-02
6.98677972e-02
6.98677972e-02
6.98677972e-02
2.50032932e-01
6.50236964e-01
5.77590048e-01
5.93858734e-02
6.98677972e-02
6.98677972e-02
6.98677972e-02
6.98677972e-02
6.98677972e-02
6.98677972e-02
6.98677972e-02
6.98677972e-02
6.98677972e-02
1.08098090e-01
6.22328579e-01
6.99100614e-01
1.45006910e-01
6.98677972e-02
6.98677972e-02
6.98677972e-02
6.98677972e-02
6.98677972e-02
6.98677972e-02
6.98677972e-02
6.98677972e-02
6.98677972e-02
6.98677972e-02
2.25175381e-01
6.65711999e-01
6.45264566e-01
1.52187750e-01
6.98677972e-02
6.98677972e-02
6.98677972e-02
6.98677972e-02
6.98677972e-02
6.98677972e-02
6.98677972e-02
6.98677972e-02
6.98677972e-02
6.98677972e-02
1.64539278e-01
2.56619126e-01
7.52259642e-02
6.98677972e-02
6.98677972e-02
6.98677972e-02
6.98677972e-02
6.98677972e-02
6.98677972e-02
6.98677972e-02
1.11615688e-01
1.11615688e-01
1.11615688e-01
1.11615688e-01
1.11615688e-01
1.11615688e-01
1.11615688e-01
1.11615688e-01
1.11615688e-01
1.11615688e-01
1.11615688e-01
1.11615688e-01
1.11615688e-01
1.11615688e-01
1.11615688e-01
1.11615688e-01
1.11615688e-01
1.11615688e-01
1.11615688e-01
1.11615688e-01
1.11615688e-01
1.11615688e-01
1.11615688e-01
1.11615688e-01
1.11615688e-01
1.11615688e-01
1.11615688e-01
1.11615688e-01
1.11615688e-01
1.11615688e-01
1.11615688e-01
1.11615688e-01
1.11615688e-01
1.11615688e-01
1.11615688e-01
1.11615688e-01
1.11615688e-01
1.11615688e-01
1.11615688e-01
1.11615688e-01
1.11615688e-01
1.11615688e-01
1.11615688e-01
1.11615688e-01
1.45138144e-01
4.56836343e-01
4.36768264e-01
4.12139148e-01
3.81494671e-01
3.65998179e-01
3.65998179e-01
3.65998179e-01
3.41684103e-01
1.45366684e-01
1.11615688e-01
1.11615688e-01
1.11615688e-01
1.11615688e-01
1.26360312e-01
7.47548938e-02
0.00000000e+00
2.93262243e-01
4.33331370e-01
4.50165749e-01
4.49944913e-01
4.33057129e-01
4.02614951e-01
1.84553891e-01
1.11615688e-01
1.11615688e-01
1.11615688e-01
1.11615688e-01
1.11615688e-01
1.11615688e-01
1.11615688e-01
1.02476418e-01
3.06431577e-02
2.92465091e-03
5.13043404e-02
1.70717061e-01
0.00000000e+00
1.11615688e-01
1.11615688e-01
1.11615688e-01
1.11615688e-01
1.11615688e-01
1.11615688e-01
1.11615688e-01
1.11615688e-01
1.11615688e-01
1.11615688e-01
1.14872880e-01
2.46104062e-01
2.32642502e-01
4.83570918e-02
1.11615688e-01
1.11615688e-01
1.11615688e-01
1.11615688e-01
1.11615688e-01
1.11615688e-01
1.11615688e-01
1.11615688e-01
1.11615688e-01
1.11615688e-01
1.33895412e-01
2.05581278e-01
0.00000000e+00
1.11615688e-01
1.11615688e-01
1.11615688e-01
1.11615688e-01
1.11615688e-01
1.11615688e-01
1.11615688e-01
1.11615688e-01
1.11615688e-01
1.11615688e-01
1.15756184e-01
2.83996582e-01
1.77303046e-01
7.80126005e-02
1.11615688e-01
1.11615688e-01
1.11615688e-01
1.11615688e-01
1.11615688e-01
1.11615688e-01
1.11615688e-01
1.11615688e-01
1.11615688e-01
1.11781307e-01
2.63970762e-01
2.87348777e-01
0.00000000e+00
1.11615688e-01
1.11615688e-01
1.11615688e-01
1.11615688e-01
1.11615688e-01
1.11615688e-01
1.11615688e-01
1.11615688e-01
1.11615688e-01
1.11615688e-01
1.49985135e-01
2.55032122e-01
9.20620412e-02
9.13379639e-02
1.11615688e-01
1.11615688e-01
1.11615688e-01
1.11615688e-01
1.11615688e-01
1.11615688e-01
1.11615688e-01
1.11615688e-01
1.11615688e-01
1.14983290e-01
2.43880004e-01
2.74209380e-01
5.98464161e-02
1.11615688e-01
1.11615688e-01
1.11615688e-01
1.11615688e-01
1.11615688e-01
1.11615688e-01
1.11615688e-01
1.11615688e-01
1.11615688e-01
1.11615688e-01
1.33739278e-01
1.94999412e-01
0.00000000e+00
8.95212144e-02
1.11615688e-01
1.11615688e-01
1.11615688e-01
1.11615688e-01
1.11615688e-01
1.11615688e-01
1.11615688e-01
1.11615688e-01
1.11615688e-01
1.11615688e-01
1.11615688e-01
0.00000000e+00
0.00000000e+00
1.11615688e-01
1.11615688e-01
1.11615688e-01
1.11615688e-01
1.11615688e-01
1.11615688e-01
1.11615688e-01
1.23566225e-01
1.23566225e-01
1.23566225e-01
1.23566225e-01
1.23566225e-01
1.23566225e-01
1.23566225e-01
1.23566225e-01
1.23566225e-01
1.23566225e-01
1.23566225e-01
1.23566225e-01
1.23566225e-01
1.23566225e-01
1.23566225e-01
1.23566225e-01
1.23566225e-01
1.23566225e-01
1.23566225e-01
1.23566225e-01
1.23566225e-01
1.23566225e-01
1.23566225e-01
1.23566225e-01
1.23566225e-01
1.23566225e-01
1.23566225e-01
1.23566225e-01
1.23566225e-01
1.23566225e-01
1.23566225e-01
1.23566225e-01
1.23566225e-01
1.23566225e-01
1.23566225e-01
1.23566225e-01
1.23566225e-01
1.23566225e-01
1.23566225e-01
1.23566225e-01
1.23566225e-01
1.23566225e-01
1.23566225e-01
1.23566225e-01
1.23566225e-01
4.94224131e-02
2.43720859e-02
9.81601924e-02
1.23566225e-01
1.23566225e-01
1.23566225e-01
1.23566225e-01
1.23566225e-01
1.23566225e-01
1.23566225e-01
1.23566225e-01
1.23566225e-01
1.23566225e-01
2.29583606e-01
1.71201229e-01
7.23100901e-02
0.00000000e+00
0.00000000e+00
0.00000000e+00
0.00000000e+00
0.00000000e+00
0.00000000e+00
1.23566225e-01
1.23566225e-01
1.23566225e-01
1.23566225e-01
1.23566225e-01
1.67091742e-01
2.00100899e-01
2.12489963e-01
2.33829618e-01
1.59249067e-01
1.65449709e-01
1.38599843e-01
0.00000000e+00
0.00000000e+00
1.23566225e-01
1.23566225e-01
1.23566225e-01
1.23566225e-01
1.23566225e-01
1.23566225e-01
1.23566225e-01
1.23566225e-01
1.23566225e-01
1.23566225e-01
1.23566225e-01
7.54780620e-02
0.00000000e+00
9.11089331e-02
1.23566225e-01
1.23566225e-01
1.23566225e-01
1.23566225e-01
1.23566225e-01
1.23566225e-01
1.23566225e-01
1.23566225e-01
1.23566225e-01
1.23566225e-01
1.23566225e-01
0.00000000e+00
0.00000000e+00
1.23566225e-01
1.23566225e-01
1.23566225e-01
1.23566225e-01
1.23566225e-01
1.23566225e-01
1.23566225e-01
1.23566225e-01
1.23566225e-01
1.23566225e-01
1.23566225e-01
8.37169141e-02
0.00000000e+00
1.06504418e-01
1.23566225e-01
1.23566225e-01
1.23566225e-01
1.23566225e-01
1.23566225e-01
1.23566225e-01
1.23566225e-01
1.23566225e-01
1.23566225e-01
1.23566225e-01
1.18331008e-01
0.00000000e+00
1.57070160e-02
1.23566225e-01
1.23566225e-01
1.23566225e-01
1.23566225e-01
1.23566225e-01
1.23566225e-01
1.23566225e-01
1.23566225e-01
1.23566225e-01
1.23566225e-01
1.23566225e-01
0.00000000e+00
0.00000000e+00
1.13270305e-01
1.23566225e-01
1.23566225e-01
1.23566225e-01
1.23566225e-01
1.23566225e-01
1.23566225e-01
1.23566225e-01
1.23566225e-01
1.23566225e-01
1.23566225e-01
6.92443699e-02
0.00000000e+00
6.68576062e-02
1.23566225e-01
1.23566225e-01
1.23566225e-01
1.23566225e-01
1.23566225e-01
1.23566225e-01
1.23566225e-01
1.23566225e-01
1.23566225e-01
1.23566225e-01
1.23566225e-01
0.00000000e+00
0.00000000e+00
1.00959197e-01
1.23566225e-01
1.23566225e-01
1.23566225e-01
1.23566225e-01
1.23566225e-01
1.23566225e-01
1.23566225e-01
1.23566225e-01
1.23566225e-01
1.23566225e-01
2.02172011e-01
2.93045610e-01
6.81914762e-02
1.23566225e-01
1.23566225e-01
1.23566225e-01
1.23566225e-01
1.23566225e-01
1.23566225e-01
1.23566225e-01
8.76164883e-02
8.76164883e-02
8.76164883e-02
8.76164883e-02
8.76164883e-02
8.76164883e-02
8.76164883e-02
8.76164883e-02
8.76164883e-02
8.76164883e-02
8.76164883e-02
8.76164883e-02
8.76164883e-02
8.76164883e-02
8.76164883e-02
8.76164883e-02
8.76164883e-02
8.76164883e-02
8.76164883e-02
8.76164883e-02
8.76164883e-02
8.76164883e-02
8.76164883e-02
8.76164883e-02
8.76164883e-02
8.76164883e-02
8.76164883e-02
8.76164883e-02
8.76164883e-02
8.76164883e-02
8.76164883e-02
8.76164883e-02
8.76164883e-02
8.76164883e-02
8.76164883e-02
8.76164883e-02
8.76164883e-02
8.76164883e-02
8.76164883e-02
8.76164883e-02
8.76164883e-02
8.76164883e-02
8.76164883e-02
8.76164883e-02
8.76164883e-02
1.35380238e-01
0.00000000e+00
0.00000000e+00
8.76164883e-02
8.76164883e-02
8.76164883e-02
8.76164883e-02
8.76164883e-02
8.76164883e-02
8.76164883e-02
8.76164883e-02
8.76164883e-02
8.76164883e-02
2.53847539e-01
6.41263783e-01
7.09703863e-01
7.43472695e-01
6.03658140e-01
5.95974624e-01
5.07551193e-01
4.79710102e-01
5.43207750e-02
8.76164883e-02
8.76164883e-02
8.76164883e-02
8.76164883e-02
8.76164883e-02
1.20234057e-01
2.69588441e-01
3.15917253e-01
5.68476260e-01
5.94041228e-01
6.43910587e-01
6.15768850e-01
6.35626912e-01
2.09119529e-01
1.19455203e-01
8.76164883e-02
8.76164883e-02
8.76164883e-02
8.76164883e-02
8.76164883e-02
8.76164883e-02
8.76164883e-02
8.76164883e-02
8.76164883e-02
8.76164883e-02
2.58656800e-01
2.92303264e-01
9.40363109e-02
9.49149877e-02
8.76164883e-02
8.76164883e-02
8.76164883e-02
8.76164883e-02
8.76164883e-02
8.76164883e-02
8.76164883e-02
8.76164883e-02
8.76164883e-02
1.46075204e-01
3.86245489e-01
1.77331299e-01
1.85360849e-01
8.76164883e-02
8.76164883e-02
8.76164883e-02
8.76164883e-02
8.76164883e-02
8.76164883e-02
8.76164883e-02
8.76164883e-02
8.76164883e-02
8.76164883e-02
2.11607024e-01
3.50688815e-01
1.32792279e-01
8.96438509e-02
8.76164883e-02
8.76164883e-02
8.76164883e-02
8.76164883e-02
8.76164883e-02
8.76164883e-02
8.76164883e-02
8.76164883e-02
8.76164883e-02
1.56879172e-01
2.21714571e-01
1.42537102e-01
1.26131535e-01
8.76164883e-02
8.76164883e-02
8.76164883e-02
8.76164883e-02
8.76164883e-02
8.76164883e-02
8.76164883e-02
8.76164883e-02
8.76164883e-02
8.76164883e-02
3.28808784e-01
2.23586664e-01
1.64200604e-01
8.76164883e-02
8.76164883e-02
8.76164883e-02
8.76164883e-02
8.76164883e-02
8.76164883e-02
8.76164883e-02
8.76164883e-02
8.76164883e-02
8.76164883e-02
2.65224636e-01
2.43296281e-01
1.32239848e-01
1.18218876e-01
8.76164883e-02
8.76164883e-02
8.76164883e-02
8.76164883e-02
8.76164883e-02
8.76164883e-02
8.76164883e-02
8.76164883e-02
8.76164883e-02
1.63532630e-01
4.53880966e-01
3.20504725e-01
1.09870695e-01
8.76164883e-02
8.76164883e-02
8.76164883e-02
8.76164883e-02
8.76164883e-02
8.76164883e-02
8.76164883e-02
8.76164883e-02
8.76164883e-02
8.76164883e-02
2.24388078e-01
7.37633586e-01
5.42419076e-01
2.07292348e-01
8.76164883e-02
8.76164883e-02
8.76164883e-02
8.76164883e-02
8.76164883e-02
8.76164883e-02
