8.25306848e-02
0.00000000e+00
0.00000000e+00
0.00000000e+00
0.00000000e+00
0.00000000e+00
0.00000000e+00
3.24373096e-02
5.39972126e-01
4.57367390e-01
5.03269136e-01
4.78742659e-01
4.00001734e-01
0.00000000e+00
3.24373096e-02
0.00000000e+00
5.48367575e-02
2.98013091e-01
4.52535987e-01
2.55695283e-01
0.00000000e+00
3.24373096e-02
0.00000000e+00
8.24229196e-02
3.56885463e-01
6.73797369e-01
5.78433275e-04
0.00000000e+00
3.24373096e-02
0.00000000e+00
2.09077224e-02
4.78979945e-01
0.00000000e+00
0.00000000e+00
0.00000000e+00
3.24373096e-02
0.00000000e+00
2.58295894e-01
3.06215942e-01
1.12799063e-01
0.00000000e+00
0.00000000e+00
5.00384793e-02
4.40783799e-04
1.39951855e-01
2.18311250e-01
2.03671902e-02
0.00000000e+00
0.00000000e+00
0.00000000e+00
0.00000000e+00
0.00000000e+00
0.00000000e+00
0.00000000e+00
0.00000000e+00
6.06169291e-02
0.00000000e+00
0.00000000e+00
6.48814812e-02
0.00000000e+00
1.32651553e-02
2.32791409e-01
2.14192271e-03
0.00000000e+00
2.37687871e-01
1.96759999e-01
3.39062423e-01
8.38211477e-02
3.48707378e-01
2.14192271e-03
0.00000000e+00
0.00000000e+00
0.00000000e+00
0.00000000e+00
3.24129462e-01
0.00000000e+00
2.14192271e-03
0.00000000e+00
0.00000000e+00
0.00000000e+00
3.77929151e-01
2.44596198e-01
0.00000000e+00
2.14192271e-03
0.00000000e+00
0.00000000e+00
0.00000000e+00
4.87901509e-01
0.00000000e+00
0.00000000e+00
2.14192271e-03
3.02630737e-02
0.00000000e+00
3.49883795e-01
4.81585525e-02
0.00000000e+00
0.00000000e+00
1.53858215e-02
0.00000000e+00
0.00000000e+00
0.00000000e+00
0.00000000e+00
0.00000000e+00
0.00000000e+00
4.13464755e-03
0.00000000e+00
0.00000000e+00
0.00000000e+00
0.00000000e+00
0.00000000e+00
7.16691017e-02
4.13464755e-03
0.00000000e+00
1.10863924e-01
2.97222286e-02
0.00000000e+00
2.01178268e-01
1.08331764e+00
2.10103095e-02
0.00000000e+00
0.00000000e+00
3.20564955e-03
0.00000000e+00
1.47523081e+00
9.80617940e-01
4.13464755e-03
0.00000000e+00
0.00000000e+00
0.00000000e+00
3.92832518e-01
1.46325338e+00
0.00000000e+00
4.13464755e-03
0.00000000e+00
0.00000000e+00
0.00000000e+00
1.48304009e+00
7.35240936e-01
0.00000000e+00
4.13464755e-03
0.00000000e+00
0.00000000e+00
3.67664576e-01
1.45170927e+00
0.00000000e+00
0.00000000e+00
6.82629496e-02
6.53490424e-05
6.53490424e-05
6.53490424e-05
6.53490424e-05
6.53490424e-05
6.53490424e-05
7.74424523e-02
0.00000000e+00
2.32255071e-01
2.82709688e-01
3.82552058e-01
3.73209029e-01
4.12929296e-01
1.99322402e-02
0.00000000e+00
1.62109494e-01
0.00000000e+00
0.00000000e+00
3.09369802e-01
0.00000000e+00
1.99322402e-02
0.00000000e+00
0.00000000e+00
0.00000000e+00
1.41549081e-01
7.79264152e-01
0.00000000e+00
1.99322402e-02
0.00000000e+00
0.00000000e+00
0.00000000e+00
7.59570003e-01
8.79099891e-02
0.00000000e+00
1.99322402e-02
0.00000000e+00
0.00000000e+00
4.58797485e-01
8.87478948e-01
0.00000000e+00
0.00000000e+00
1.99322402e-02
3.15037668e-02
4.06467840e-02
4.37128693e-01
0.00000000e+00
5.82102686e-03
5.82103431e-03
3.69791090e-02
2.15266854e-01
1.12826221e-01
1.12826221e-01
1.12826221e-01
1.12826221e-01
1.12826221e-01
1.12826221e-01
3.05144727e-01
8.13081682e-01
0.00000000e+00
0.00000000e+00
0.00000000e+00
0.00000000e+00
6.99591860e-02
2.19268322e-01
0.00000000e+00
0.00000000e+00
0.00000000e+00
4.47164774e-01
1.64869428e-01
1.41060770e-01
1.61629826e-01
9.32207778e-02
1.08979307e-01
8.72405589e-01
2.92531729e-01
3.99006575e-01
1.01783320e-01
1.61629826e-01
9.32207778e-02
7.40195215e-01
8.80261838e-01
4.31257874e-01
4.03514594e-01
9.32207778e-02
1.61629826e-01
1.69118375e-01
8.79742503e-01
0.00000000e+00
4.12896007e-01
9.97210070e-02
9.32207778e-02
1.61629826e-01
2.54150391e-01
5.23037076e-01
3.96652102e-01
2.79174179e-01
1.03816487e-01
1.03816487e-01
1.01442859e-02
0.00000000e+00
0.00000000e+00
0.00000000e+00
0.00000000e+00
0.00000000e+00
5.46517372e-02
1.01442859e-02
7.36955479e-02
0.00000000e+00
2.29318663e-02
2.30341703e-02
1.12059340e-02
0.00000000e+00
1.71866156e-02
5.24667442e-01
8.14782321e-01
3.99801791e-01
1.92072630e-01
0.00000000e+00
0.00000000e+00
1.01442859e-02
1.30853996e-01
4.43760395e-01
7.36776173e-01
3.96568179e-01
1.44662946e-01
0.00000000e+00
1.01442859e-02
0.00000000e+00
0.00000000e+00
5.67512512e-02
1.08510315e-01
1.62681282e-01
0.00000000e+00
1.01442859e-02
0.00000000e+00
0.00000000e+00
0.00000000e+00
1.60933673e-01
1.08462125e-02
0.00000000e+00
4.61356267e-02
2.17872262e-02
1.22457236e-01
4.22042370e-01
9.11952332e-02
1.85045116e-02
1.85045116e-02
7.98615068e-03
0.00000000e+00
0.00000000e+00
0.00000000e+00
0.00000000e+00
0.00000000e+00
0.00000000e+00
5.70354350e-02
2.44377866e-01
9.83096287e-02
4.55866754e-02
5.43926768e-02
0.00000000e+00
0.00000000e+00
6.16370142e-02
5.70675284e-02
4.72703159e-01
3.56553555e-01
4.78641778e-01
2.11136639e-02
0.00000000e+00
0.00000000e+00
0.00000000e+00
0.00000000e+00
3.84302288e-01
0.00000000e+00
0.00000000e+00
0.00000000e+00
0.00000000e+00
0.00000000e+00
3.63988340e-01
4.75563675e-01
0.00000000e+00
0.00000000e+00
0.00000000e+00
0.00000000e+00
0.00000000e+00
5.18845379e-01
0.00000000e+00
0.00000000e+00
0.00000000e+00
0.00000000e+00
0.00000000e+00
4.84978668e-02
1.24856427e-01
0.00000000e+00
0.00000000e+00
0.00000000e+00
1.75043941e-03
0.00000000e+00
0.00000000e+00
0.00000000e+00
0.00000000e+00
0.00000000e+00
0.00000000e+00
0.00000000e+00
0.00000000e+00
7.63250142e-03
3.17755163e-01
2.51130015e-02
0.00000000e+00
0.00000000e+00
0.00000000e+00
0.00000000e+00
3.08005452e-01
2.83614755e-01
4.89203632e-01
4.81191933e-01
2.40262136e-01
0.00000000e+00
0.00000000e+00
0.00000000e+00
0.00000000e+00
9.95813310e-03
2.79045463e-01
0.00000000e+00
0.00000000e+00
0.00000000e+00
0.00000000e+00
0.00000000e+00
4.17256176e-01
1.57232955e-01
0.00000000e+00
0.00000000e+00
0.00000000e+00
0.00000000e+00
1.69284448e-01
3.71064782e-01
0.00000000e+00
0.00000000e+00
0.00000000e+00
2.37135291e-02
3.22183967e-02
4.04589593e-01
1.69228971e-01
0.00000000e+00
0.00000000e+00
1.34056956e-02
2.34526098e-02
2.34526098e-02
2.34526098e-02
2.34526098e-02
2.34526098e-02
2.34526098e-02
1.04128800e-01
0.00000000e+00
0.00000000e+00
1.28017694e-01
0.00000000e+00
0.00000000e+00
4.17389497e-02
0.00000000e+00
9.42487270e-02
1.09802961e-01
0.00000000e+00
0.00000000e+00
0.00000000e+00
2.25161791e-01
0.00000000e+00
0.00000000e+00
0.00000000e+00
0.00000000e+00
9.86773148e-02
2.12333828e-01
4.44064066e-02
0.00000000e+00
0.00000000e+00
0.00000000e+00
0.00000000e+00
2.91961879e-01
3.27847227e-02
7.21119344e-03
0.00000000e+00
0.00000000e+00
0.00000000e+00
2.21488416e-01
2.05077648e-01
5.53031191e-02
0.00000000e+00
0.00000000e+00
3.33813466e-02
5.70969619e-02
2.47700036e-01
1.61658883e-01
6.00502715e-02
0.00000000e+00
0.00000000e+00
0.00000000e+00
0.00000000e+00
0.00000000e+00
0.00000000e+00
0.00000000e+00
0.00000000e+00
0.00000000e+00
0.00000000e+00
1.59333378e-01
9.45586786e-02
0.00000000e+00
0.00000000e+00
0.00000000e+00
0.00000000e+00
2.53424421e-02
1.43228292e-01
0.00000000e+00
0.00000000e+00
3.57274383e-01
0.00000000e+00
0.00000000e+00
0.00000000e+00
0.00000000e+00
0.00000000e+00
5.01748741e-01
9.46316063e-01
0.00000000e+00
0.00000000e+00
0.00000000e+00
0.00000000e+00
1.24195561e-01
9.42634106e-01
2.02535987e-01
0.00000000e+00
0.00000000e+00
0.00000000e+00
0.00000000e+00
8.91963422e-01
1.06311548e+00
0.00000000e+00
0.00000000e+00
0.00000000e+00
6.76496327e-03
4.18944657e-02
6.90123141e-01
0.00000000e+00
0.00000000e+00
0.00000000e+00
0.00000000e+00
0.00000000e+00
0.00000000e+00
0.00000000e+00
0.00000000e+00
0.00000000e+00
0.00000000e+00
0.00000000e+00
0.00000000e+00
6.46271333e-02
0.00000000e+00
0.00000000e+00
0.00000000e+00
0.00000000e+00
0.00000000e+00
0.00000000e+00
3.81607935e-02
4.09669429e-02
3.18916410e-01
3.97635698e-01
4.03858095e-01
0.00000000e+00
0.00000000e+00
0.00000000e+00
0.00000000e+00
2.62699306e-01
2.24238247e-01
0.00000000e+00
0.00000000e+00
0.00000000e+00
0.00000000e+00
6.73542395e-02
6.36878088e-02
1.36323959e-01
0.00000000e+00
0.00000000e+00
0.00000000e+00
0.00000000e+00
1.97815657e-01
1.26546383e-01
0.00000000e+00
0.00000000e+00
0.00000000e+00
0.00000000e+00
0.00000000e+00
8.27772245e-02
5.99001050e-02
0.00000000e+00
0.00000000e+00
0.00000000e+00
1.78672224e-02
1.78672224e-02
1.78672224e-02
1.78672224e-02
1.78672224e-02
1.78672224e-02
3.02500241e-02
0.00000000e+00
7.04220772e-01
9.50478077e-01
7.75354028e-01
8.87344122e-01
9.17813301e-01
5.54364249e-02
6.05131499e-02
2.85329670e-01
1.26162574e-01
0.00000000e+00
0.00000000e+00
2.63571799e-01
4.87231314e-02
0.00000000e+00
4.88172658e-02
1.67464226e-01
1.61517560e-01
0.00000000e+00
0.00000000e+00
0.00000000e+00
0.00000000e+00
0.00000000e+00
1.28215849e-02
6.32368401e-02
0.00000000e+00
0.00000000e+00
0.00000000e+00
0.00000000e+00
0.00000000e+00
5.04927561e-02
8.17479268e-02
0.00000000e+00
0.00000000e+00
0.00000000e+00
1.68209523e-03
6.90919012e-02
2.49556303e-01
0.00000000e+00
1.68209523e-03
1.68209523e-03
1.18783489e-02
1.09833479e-02
0.00000000e+00
0.00000000e+00
0.00000000e+00
0.00000000e+00
0.00000000e+00
0.00000000e+00
3.45715284e-02
2.18560040e-01
0.00000000e+00
0.00000000e+00
0.00000000e+00
0.00000000e+00
0.00000000e+00
0.00000000e+00
3.99343789e-01
6.51166975e-01
1.06005979e+00
8.03794980e-01
0.00000000e+00
0.00000000e+00
0.00000000e+00
0.00000000e+00
0.00000000e+00
1.56240016e-01
0.00000000e+00
0.00000000e+00
0.00000000e+00
0.00000000e+00
0.00000000e+00
1.35481343e-01
0.00000000e+00
0.00000000e+00
0.00000000e+00
0.00000000e+00
0.00000000e+00
0.00000000e+00
1.87970519e-01
0.00000000e+00
0.00000000e+00
0.00000000e+00
0.00000000e+00
0.00000000e+00
0.00000000e+00
2.83762544e-01
2.00929865e-01
2.97560841e-02
0.00000000e+00
1.04666494e-01
2.34767757e-02
2.34767757e-02
2.34767757e-02
2.34767757e-02
2.34767757e-02
2.34767757e-02
3.26863788e-02
0.00000000e+00
0.00000000e+00
0.00000000e+00
0.00000000e+00
0.00000000e+00
2.98119001e-02
0.00000000e+00
8.23986232e-02
2.41802484e-01
5.49757957e-01
4.81431544e-01
3.40584293e-02
0.00000000e+00
0.00000000e+00
0.00000000e+00
0.00000000e+00
0.00000000e+00
1.23285055e-02
0.00000000e+00
8.88912454e-02
0.00000000e+00
0.00000000e+00
0.00000000e+00
0.00000000e+00
0.00000000e+00
0.00000000e+00
4.34165075e-02
0.00000000e+00
0.00000000e+00
0.00000000e+00
0.00000000e+00
3.60786095e-02
4.71254475e-02
0.00000000e+00
0.00000000e+00
2.81731151e-02
5.15336394e-02
3.62625837e-01
1.46226794e-01
3.47529575e-02
0.00000000e+00
0.00000000e+00
5.82486913e-02
5.55507839e-03
5.55507839e-03
5.55507839e-03
5.55507839e-03
5.55507839e-03
7.95855373e-03
0.00000000e+00
0.00000000e+00
0.00000000e+00
0.00000000e+00
0.00000000e+00
0.00000000e+00
7.95855373e-03
9.08709913e-02
1.14751446e+00
1.25805628e+00
1.01518226e+00
4.66242850e-01
3.08218412e-02
2.72363238e-02
1.71413273e-03
1.71413273e-03
1.71413273e-03
0.00000000e+00
0.00000000e+00
0.00000000e+00
7.95855373e-03
1.71413273e-03
1.71413273e-03
1.18998438e-03
0.00000000e+00
0.00000000e+00
9.44867730e-04
7.95855373e-03
1.71413273e-03
1.71413273e-03
0.00000000e+00
0.00000000e+00
8.31008852e-02
1.71413273e-03
7.95855373e-03
8.91313553e-02
1.75782681e-01
1.05635905e+00
6.64313197e-01
8.91313553e-02
8.91313553e-02
1.52976632e-01
0.00000000e+00
0.00000000e+00
0.00000000e+00
0.00000000e+00
0.00000000e+00
0.00000000e+00
0.00000000e+00
0.00000000e+00
2.15643704e-01
4.75901663e-01
4.38980430e-01
4.65462863e-01
3.83535087e-01
8.45739990e-03
0.00000000e+00
0.00000000e+00
0.00000000e+00
0.00000000e+00
0.00000000e+00
3.92279439e-02
0.00000000e+00
0.00000000e+00
0.00000000e+00
0.00000000e+00
0.00000000e+00
0.00000000e+00
0.00000000e+00
0.00000000e+00
0.00000000e+00
0.00000000e+00
0.00000000e+00
1.19341984e-02
2.36006305e-02
0.00000000e+00
0.00000000e+00
0.00000000e+00
0.00000000e+00
0.00000000e+00
1.16543390e-01
0.00000000e+00
0.00000000e+00
0.00000000e+00
3.75185795e-02
5.60249388e-03
0.00000000e+00
0.00000000e+00
5.60249388e-03
5.60253114e-03
5.60253114e-03
1.19811073e-02
1.19811073e-02
1.19811073e-02
1.19811073e-02
1.19811073e-02
1.19811073e-02
1.19811073e-02
6.06036447e-02
9.29228514e-02
1.44997656e-01
0.00000000e+00
0.00000000e+00
4.23245132e-04
5.17991930e-03
2.67968178e-01
0.00000000e+00
7.90878311e-02
0.00000000e+00
0.00000000e+00
3.50750864e-01
1.40401900e-01
1.72112286e-02
1.19811073e-02
1.19811073e-02
1.39808536e-01
0.00000000e+00
7.06248105e-01
4.56800833e-02
1.19811073e-02
1.19811073e-02
1.01807065e-01
2.18999445e-01
7.37162173e-01
6.10925794e-01
1.19811073e-02
1.19811073e-02
1.19811073e-02
2.00911403e-01
2.62768447e-01
6.62770987e-01
3.48280929e-02
1.19811073e-02
2.31322125e-02
2.03062847e-01
1.82266340e-01
7.21148431e-01
4.47719991e-01
2.31322274e-02
2.31322274e-02
2.65608504e-02
0.00000000e+00
0.00000000e+00
0.00000000e+00
0.00000000e+00
0.00000000e+00
2.39169523e-02
0.00000000e+00
0.00000000e+00
0.00000000e+00
0.00000000e+00
0.00000000e+00
4.89485785e-02
0.00000000e+00
0.00000000e+00
1.27402470e-02
0.00000000e+00
0.00000000e+00
3.03015321e-01
2.52701640e-01
0.00000000e+00
0.00000000e+00
0.00000000e+00
0.00000000e+00
0.00000000e+00
9.96401787e-01
0.00000000e+00
0.00000000e+00
0.00000000e+00
0.00000000e+00
0.00000000e+00
8.67269576e-01
9.25906181e-01
0.00000000e+00
0.00000000e+00
0.00000000e+00
0.00000000e+00
0.00000000e+00
8.51305425e-01
0.00000000e+00
0.00000000e+00
0.00000000e+00
1.67735666e-03
0.00000000e+00
4.22757149e-01
3.44536752e-01
0.00000000e+00
0.00000000e+00
1.35067180e-02
4.88133430e-02
3.73855457e-02
3.73855457e-02
3.73855457e-02
3.73855457e-02
3.73855457e-02
3.73855457e-02
0.00000000e+00
0.00000000e+00
2.09790245e-01
1.04658559e-01
1.24884859e-01
1.28142118e-01
4.83706594e-04
4.49794270e-02
2.51858890e-01
2.69151926e-01
1.29248768e-01
0.00000000e+00
0.00000000e+00
4.83706594e-04
0.00000000e+00
0.00000000e+00
1.09075814e-01
1.39396787e-02
9.58358943e-02
1.57584503e-01
5.88380545e-03
0.00000000e+00
0.00000000e+00
0.00000000e+00
9.64112282e-02
0.00000000e+00
1.45965844e-01
4.83706594e-04
0.00000000e+00
0.00000000e+00
0.00000000e+00
0.00000000e+00
1.63072184e-01
1.03391185e-02
4.83706594e-04
0.00000000e+00
3.44899930e-02
3.75618994e-01
2.16205195e-02
1.20047145e-01
0.00000000e+00
4.83706594e-04
1.22993827e-01
2.27251425e-02
2.27251425e-02
2.27251425e-02
2.27251425e-02
2.27251425e-02
2.27251425e-02
8.76058787e-02
3.62525165e-01
0.00000000e+00
0.00000000e+00
0.00000000e+00
0.00000000e+00
2.13039778e-02
8.76058787e-02
3.21049690e-02
2.61734992e-01
0.00000000e+00
4.97774929e-02
0.00000000e+00
0.00000000e+00
8.76058787e-02
1.22652255e-01
3.01391721e-01
7.77480423e-01
3.68203521e-01
2.52935529e-01
6.73714876e-02
8.76058787e-02
2.27251425e-02
1.97870597e-01
2.31758058e-01
2.35486597e-01
2.62198716e-01
2.27251425e-02
8.76058787e-02
2.27251425e-02
2.26486325e-01
0.00000000e+00
3.33856612e-01
7.44090229e-02
2.27251425e-02
1.98914379e-01
1.98914379e-01
8.35009590e-02
5.69804609e-01
2.47472107e-01
1.98914409e-01
1.98914409e-01
9.30977613e-03
0.00000000e+00
0.00000000e+00
0.00000000e+00
0.00000000e+00
0.00000000e+00
0.00000000e+00
0.00000000e+00
1.20339990e-02
0.00000000e+00
0.00000000e+00
2.82290652e-02
0.00000000e+00
0.00000000e+00
0.00000000e+00
0.00000000e+00
0.00000000e+00
0.00000000e+00
1.01063222e-01
0.00000000e+00
0.00000000e+00
0.00000000e+00
0.00000000e+00
0.00000000e+00
4.02394295e-01
7.17190623e-01
0.00000000e+00
0.00000000e+00
0.00000000e+00
0.00000000e+00
0.00000000e+00
6.83599710e-01
2.59898245e-01
0.00000000e+00
0.00000000e+00
0.00000000e+00
0.00000000e+00
7.42943525e-01
7.25270510e-01
0.00000000e+00
0.00000000e+00
0.00000000e+00
0.00000000e+00
0.00000000e+00
5.52418351e-01
0.00000000e+00
0.00000000e+00
0.00000000e+00
0.00000000e+00
8.82596374e-02
8.82596374e-02
8.82596374e-02
8.82596374e-02
8.82596374e-02
8.82596374e-02
8.82596374e-02
9.84197259e-02
8.51263627e-02
2.64487028e-01
2.17220843e-01
3.09121668e-01
1.89053729e-01
0.00000000e+00
2.98300162e-02
1.28409699e-01
0.00000000e+00
0.00000000e+00
0.00000000e+00
1.27733290e-01
0.00000000e+00
0.00000000e+00
0.00000000e+00
0.00000000e+00
1.45143837e-01
3.68874252e-01
0.00000000e+00
0.00000000e+00
0.00000000e+00
0.00000000e+00
1.44597888e-01
5.40685356e-01
4.35789168e-01
0.00000000e+00
0.00000000e+00
0.00000000e+00
6.80939853e-03
1.34313524e-01
4.68378007e-01
0.00000000e+00
0.00000000e+00
0.00000000e+00
0.00000000e+00
4.04030494e-02
1.73039660e-01
0.00000000e+00
0.00000000e+00
0.00000000e+00
0.00000000e+00
8.73677433e-03
8.73677433e-03
8.73677433e-03
8.73677433e-03
8.73677433e-03
8.73677433e-03
7.49122947e-02
1.29610330e-01
2.30480224e-01
9.87708494e-02
1.24482065e-01
1.22006275e-01
3.04758400e-02
7.49122947e-02
1.47219524e-01
3.37066174e-01
7.98769712e-01
1.16097641e+00
5.94758451e-01
9.40436199e-02
9.11904871e-02
1.64978206e-02
3.26215997e-02
4.54826653e-02
9.66792554e-02
0.00000000e+00
1.78099513e-01
7.49122947e-02
8.73677433e-03
8.73677433e-03
1.70255870e-01
0.00000000e+00
1.22074082e-01
2.25130782e-01
7.49122947e-02
8.73677433e-03
6.09234720e-02
1.10222295e-01
0.00000000e+00
2.61455297e-01
1.33104324e-02
7.49122947e-02
4.29034382e-02
4.55029309e-02
6.26288772e-01
7.30991483e-01
1.95660099e-01
4.29034084e-02
9.63788033e-02
0.00000000e+00
0.00000000e+00
0.00000000e+00
0.00000000e+00
0.00000000e+00
0.00000000e+00
1.75244808e-02
0.00000000e+00
1.46350607e-01
0.00000000e+00
0.00000000e+00
0.00000000e+00
0.00000000e+00
0.00000000e+00
0.00000000e+00
0.00000000e+00
2.40781397e-01
0.00000000e+00
1.81120217e-01
0.00000000e+00
0.00000000e+00
0.00000000e+00
0.00000000e+00
0.00000000e+00
0.00000000e+00
9.04607326e-02
0.00000000e+00
0.00000000e+00
0.00000000e+00
0.00000000e+00
0.00000000e+00
3.20946649e-02
0.00000000e+00
0.00000000e+00
0.00000000e+00
0.00000000e+00
0.00000000e+00
7.31359795e-02
2.59410217e-02
0.00000000e+00
0.00000000e+00
0.00000000e+00
0.00000000e+00
0.00000000e+00
2.03627229e-01
0.00000000e+00
0.00000000e+00
0.00000000e+00
0.00000000e+00
0.00000000e+00
0.00000000e+00
0.00000000e+00
0.00000000e+00
0.00000000e+00
0.00000000e+00
0.00000000e+00
0.00000000e+00
0.00000000e+00
0.00000000e+00
0.00000000e+00
0.00000000e+00
0.00000000e+00
0.00000000e+00
0.00000000e+00
0.00000000e+00
0.00000000e+00
0.00000000e+00
0.00000000e+00
0.00000000e+00
0.00000000e+00
0.00000000e+00
0.00000000e+00
0.00000000e+00
0.00000000e+00
0.00000000e+00
0.00000000e+00
0.00000000e+00
0.00000000e+00
0.00000000e+00
0.00000000e+00
0.00000000e+00
0.00000000e+00
0.00000000e+00
0.00000000e+00
0.00000000e+00
0.00000000e+00
0.00000000e+00
0.00000000e+00
0.00000000e+00
0.00000000e+00
0.00000000e+00
0.00000000e+00
0.00000000e+00
0.00000000e+00
0.00000000e+00
0.00000000e+00
0.00000000e+00
0.00000000e+00
0.00000000e+00
0.00000000e+00
0.00000000e+00
0.00000000e+00
0.00000000e+00
0.00000000e+00
4.20178473e-03
0.00000000e+00
1.77538544e-01
2.24372834e-01
6.35673478e-02
7.23713040e-02
0.00000000e+00
0.00000000e+00
0.00000000e+00
0.00000000e+00
0.00000000e+00
0.00000000e+00
2.46327758e-01
1.53154999e-01
0.00000000e+00
0.00000000e+00
0.00000000e+00
0.00000000e+00
6.02060556e-03
3.39556485e-02
2.94001758e-01
0.00000000e+00
0.00000000e+00
0.00000000e+00
1.07266754e-02
0.00000000e+00
2.68737197e-01
1.48994803e-01
0.00000000e+00
0.00000000e+00
0.00000000e+00
0.00000000e+00
2.54490793e-01
3.03047776e-01
0.00000000e+00
0.00000000e+00
0.00000000e+00
0.00000000e+00
0.00000000e+00
4.09614086e-01
5.61857820e-02
0.00000000e+00
9.19711590e-03
0.00000000e+00
0.00000000e+00
0.00000000e+00
0.00000000e+00
0.00000000e+00
0.00000000e+00
0.00000000e+00
0.00000000e+00
0.00000000e+00
0.00000000e+00
0.00000000e+00
0.00000000e+00
0.00000000e+00
0.00000000e+00
0.00000000e+00
0.00000000e+00
0.00000000e+00
0.00000000e+00
0.00000000e+00
0.00000000e+00
0.00000000e+00
0.00000000e+00
0.00000000e+00
0.00000000e+00
0.00000000e+00
0.00000000e+00
0.00000000e+00
0.00000000e+00
0.00000000e+00
0.00000000e+00
0.00000000e+00
0.00000000e+00
0.00000000e+00
0.00000000e+00
0.00000000e+00
0.00000000e+00
0.00000000e+00
0.00000000e+00
0.00000000e+00
0.00000000e+00
0.00000000e+00
0.00000000e+00
9.36286896e-03
1.97006464e-02
0.00000000e+00
0.00000000e+00
1.18307993e-01
9.36289132e-03
9.36289132e-03
0.00000000e+00
0.00000000e+00
0.00000000e+00
0.00000000e+00
0.00000000e+00
0.00000000e+00
0.00000000e+00
0.00000000e+00
0.00000000e+00
0.00000000e+00
0.00000000e+00
0.00000000e+00
0.00000000e+00
0.00000000e+00
0.00000000e+00
6.96605682e-01
7.47986674e-01
4.31596398e-01
4.60026711e-02
3.48751962e-01
0.00000000e+00
0.00000000e+00
0.00000000e+00
0.00000000e+00
0.00000000e+00
6.23935819e-01
2.41813749e-01
0.00000000e+00
0.00000000e+00
0.00000000e+00
0.00000000e+00
1.80462793e-01
5.96700847e-01
0.00000000e+00
0.00000000e+00
0.00000000e+00
0.00000000e+00
0.00000000e+00
6.59878910e-01
2.02775538e-01
0.00000000e+00
0.00000000e+00
6.28644973e-02
1.59192830e-03
6.32484078e-01
6.04591370e-01
0.00000000e+00
0.00000000e+00
0.00000000e+00
0.00000000e+00
0.00000000e+00
0.00000000e+00
0.00000000e+00
0.00000000e+00
0.00000000e+00
4.61406633e-02
0.00000000e+00
8.49533752e-02
1.59872442e-01
8.61347094e-02
2.87080079e-01
2.28244424e-01
1.18857697e-02
0.00000000e+00
1.34531766e-01
1.02921702e-01
1.26833707e-01
5.36610186e-01
1.50167525e-01
6.81809336e-03
0.00000000e+00
0.00000000e+00
0.00000000e+00
1.73969477e-01
6.29926562e-01
0.00000000e+00
6.81809336e-03
0.00000000e+00
0.00000000e+00
0.00000000e+00
4.86261934e-01
3.05691570e-01
2.22202167e-02
6.81809336e-03
0.00000000e+00
0.00000000e+00
4.00486290e-01
3.84701878e-01
0.00000000e+00
5.03524393e-03
6.81809336e-03
0.00000000e+00
0.00000000e+00
2.64830917e-01
1.68085784e-01
0.00000000e+00
0.00000000e+00
6.81809336e-03
0.00000000e+00
0.00000000e+00
0.00000000e+00
0.00000000e+00
0.00000000e+00
0.00000000e+00
0.00000000e+00
0.00000000e+00
3.67640316e-01
8.26548457e-01
5.62450290e-01
5.63471496e-01
2.48059332e-01
0.00000000e+00
0.00000000e+00
0.00000000e+00
3.35705608e-01
7.33821511e-01
9.61911261e-01
5.08390486e-01
6.08407408e-02
0.00000000e+00
0.00000000e+00
0.00000000e+00
0.00000000e+00
0.00000000e+00
0.00000000e+00
0.00000000e+00
0.00000000e+00
0.00000000e+00
0.00000000e+00
2.11056471e-02
8.64175037e-02
0.00000000e+00
0.00000000e+00
0.00000000e+00
0.00000000e+00
7.47453868e-02
0.00000000e+00
1.50589287e-01
0.00000000e+00
0.00000000e+00
6.66200221e-02
6.66200221e-02
0.00000000e+00
1.00109451e-01
6.66200221e-02
6.66200221e-02
7.79952407e-02
4.50202301e-02
0.00000000e+00
0.00000000e+00
0.00000000e+00
0.00000000e+00
0.00000000e+00
6.00513071e-02
4.50202301e-02
3.92722011e-01
9.36178327e-01
6.71729386e-01
8.21796477e-01
1.06308460e+00
5.04192039e-02
4.50202301e-02
3.21147710e-01
7.24795982e-02
0.00000000e+00
1.93110183e-02
1.58290699e-01
5.04192039e-02
4.50202301e-02
6.73456043e-02
1.86858624e-01
9.33032557e-02
1.40712887e-01
1.67281292e-02
5.04192039e-02
4.50202301e-02
0.00000000e+00
0.00000000e+00
1.64228082e-01
1.28548086e-01
2.04755217e-02
5.04192039e-02
4.50202301e-02
0.00000000e+00
0.00000000e+00
1.57279164e-01
3.13983262e-02
0.00000000e+00
5.04192039e-02
4.50202301e-02
0.00000000e+00
1.25440359e-02
0.00000000e+00
0.00000000e+00
0.00000000e+00
5.04192039e-02
3.40890512e-02
0.00000000e+00
0.00000000e+00
0.00000000e+00
0.00000000e+00
0.00000000e+00
0.00000000e+00
0.00000000e+00
5.37145555e-01
8.02890718e-01
5.44014454e-01
4.30098832e-01
0.00000000e+00
0.00000000e+00
0.00000000e+00
1.88452750e-03
3.51554036e-01
5.60365736e-01
7.77274132e-01
0.00000000e+00
0.00000000e+00
0.00000000e+00
0.00000000e+00
0.00000000e+00
2.72383913e-02
1.03111096e-01
0.00000000e+00
0.00000000e+00
0.00000000e+00
0.00000000e+00
1.03472292e-01
1.02228031e-01
2.30123580e-01
0.00000000e+00
0.00000000e+00
0.00000000e+00
0.00000000e+00
1.88297763e-01
3.33541363e-01
0.00000000e+00
0.00000000e+00
0.00000000e+00
0.00000000e+00
0.00000000e+00
3.41592968e-01
4.49341416e-01
0.00000000e+00
0.00000000e+00
0.00000000e+00
2.49582715e-02
1.69131830e-02
1.69131830e-02
1.69131830e-02
1.69131830e-02
1.69131830e-02
1.69131830e-02
2.49582715e-02
1.37375966e-02
0.00000000e+00
0.00000000e+00
0.00000000e+00
0.00000000e+00
1.29875317e-02
1.39805377e-01
7.58329391e-01
9.20164406e-01
1.04789948e+00
4.86222655e-01
1.56099826e-01
8.28672796e-02
2.96388827e-02
1.70074582e-01
4.27050620e-01
5.17637312e-01
8.08091238e-02
3.18771392e-01
2.28672959e-02
2.49582715e-02
1.69131830e-02
2.79327631e-02
0.00000000e+00
2.80596703e-01
2.48510092e-01
1.69131830e-02
2.49582715e-02
2.41983719e-02
0.00000000e+00
1.27103865e-01
4.27762061e-01
1.69131830e-02
1.69131830e-02
1.34449899e-01
2.14554310e-01
5.60929477e-01
1.06177044e+00
2.61257261e-01
1.34449944e-01
1.34449944e-01
1.51334375e-01
7.23896101e-02
7.23896101e-02
7.23896101e-02
7.23896101e-02
7.23896101e-02
7.23896101e-02
1.25574693e-01
4.75555539e-01
0.00000000e+00
0.00000000e+00
0.00000000e+00
0.00000000e+00
5.28648496e-03
1.01813562e-01
3.23707908e-01
0.00000000e+00
0.00000000e+00
9.24364924e-02
0.00000000e+00
5.28648496e-03
3.69184464e-03
0.00000000e+00
0.00000000e+00
8.88641953e-01
3.16193730e-01
0.00000000e+00
5.28648496e-03
3.69184464e-03
0.00000000e+00
4.95529592e-01
6.65507555e-01
0.00000000e+00
0.00000000e+00
5.28648496e-03
3.69184464e-03
3.35483737e-02
8.35475266e-01
0.00000000e+00
0.00000000e+00
0.00000000e+00
5.28648496e-03
3.69184464e-03
1.05847634e-01
8.13021958e-01
0.00000000e+00
0.00000000e+00
0.00000000e+00
3.02243605e-02
3.43478881e-02
0.00000000e+00
0.00000000e+00
0.00000000e+00
0.00000000e+00
0.00000000e+00
2.21922845e-02
0.00000000e+00
2.49204338e-01
3.80835414e-01
5.38872421e-01
5.69761395e-01
2.26455644e-01
2.21922845e-02
0.00000000e+00
7.54911900e-02
0.00000000e+00
0.00000000e+00
9.20994431e-02
5.39764762e-03
2.21922845e-02
0.00000000e+00
0.00000000e+00
0.00000000e+00
0.00000000e+00
2.44078174e-01
5.36977835e-02
2.21922845e-02
0.00000000e+00
0.00000000e+00
1.64771974e-02
2.90580243e-02
1.04271114e-01
8.82628560e-03
2.21922845e-02
0.00000000e+00
0.00000000e+00
0.00000000e+00
6.37355894e-02
0.00000000e+00
0.00000000e+00
2.21922845e-02
0.00000000e+00
0.00000000e+00
0.00000000e+00
0.00000000e+00
0.00000000e+00
0.00000000e+00
5.61318286e-02
8.28923509e-02
1.91477835e-02
1.91477835e-02
1.91477835e-02
1.91477835e-02
1.91477835e-02
1.91477835e-02
1.64884508e-01
3.36519182e-01
0.00000000e+00
0.00000000e+00
0.00000000e+00
2.40284204e-03
5.10365516e-03
2.46159613e-01
6.55452073e-01
2.18863606e-01
1.12020105e-01
0.00000000e+00
0.00000000e+00
5.10365516e-03
5.93283623e-02
5.08215129e-02
1.70183986e-01
3.38838935e-01
1.97305977e-02
0.00000000e+00
5.10365516e-03
5.93283623e-02
0.00000000e+00
9.58967805e-02
1.07477225e-01
0.00000000e+00
0.00000000e+00
5.10365516e-03
5.93283623e-02
4.05897051e-02
2.73897380e-01
0.00000000e+00
0.00000000e+00
0.00000000e+00
5.10365516e-03
8.63512307e-02
2.48539299e-01
7.94767857e-01
0.00000000e+00
8.63512307e-02
8.63512233e-02
1.52825922e-01
5.49598336e-02
0.00000000e+00
0.00000000e+00
0.00000000e+00
0.00000000e+00
0.00000000e+00
0.00000000e+00
0.00000000e+00
4.60307151e-02
0.00000000e+00
0.00000000e+00
0.00000000e+00
1.13676779e-01
0.00000000e+00
0.00000000e+00
0.00000000e+00
0.00000000e+00
0.00000000e+00
5.42327106e-01
2.75827646e-01
0.00000000e+00
0.00000000e+00
0.00000000e+00
0.00000000e+00
0.00000000e+00
9.68655586e-01
0.00000000e+00
0.00000000e+00
0.00000000e+00
0.00000000e+00
0.00000000e+00
8.62338185e-01
8.81981730e-01
0.00000000e+00
0.00000000e+00
0.00000000e+00
0.00000000e+00
1.79285854e-01
8.27458739e-01
0.00000000e+00
0.00000000e+00
0.00000000e+00
0.00000000e+00
0.00000000e+00
3.71745169e-01
3.78181338e-01
0.00000000e+00
0.00000000e+00
0.00000000e+00
0.00000000e+00
0.00000000e+00
0.00000000e+00
0.00000000e+00
0.00000000e+00
0.00000000e+00
0.00000000e+00
0.00000000e+00
0.00000000e+00
0.00000000e+00
0.00000000e+00
0.00000000e+00
1.39171511e-01
0.00000000e+00
7.34140202e-02
2.90543400e-02
0.00000000e+00
1.33962408e-02
0.00000000e+00
4.60124433e-01
0.00000000e+00
0.00000000e+00
0.00000000e+00
0.00000000e+00
1.65904075e-01
5.78148425e-01
6.63562417e-01
0.00000000e+00
0.00000000e+00
0.00000000e+00
7.67000467e-02
3.31555307e-02
6.99976921e-01
9.16665792e-03
0.00000000e+00
0.00000000e+00
0.00000000e+00
1.20622292e-01
7.19910860e-01
4.42501187e-01
0.00000000e+00
0.00000000e+00
0.00000000e+00
4.57889400e-02
8.54699984e-02
4.71941173e-01
1.88448876e-02
0.00000000e+00
0.00000000e+00
2.05203779e-02
0.00000000e+00
0.00000000e+00
0.00000000e+00
0.00000000e+00
0.00000000e+00
8.49303007e-02
0.00000000e+00
1.36466876e-01
2.64009476e-01
8.84560123e-02
9.74454805e-02
0.00000000e+00
4.37649339e-03
0.00000000e+00
0.00000000e+00
3.32730204e-01
3.00745279e-01
3.88652235e-01
4.73495394e-01
4.37649339e-03
0.00000000e+00
0.00000000e+00
0.00000000e+00
0.00000000e+00
0.00000000e+00
1.44568563e-01
4.37649339e-03
0.00000000e+00
0.00000000e+00
0.00000000e+00
0.00000000e+00
7.39866570e-02
0.00000000e+00
4.37649339e-03
0.00000000e+00
0.00000000e+00
0.00000000e+00
3.70786116e-02
3.43649611e-02
0.00000000e+00
4.37649339e-03
3.28860357e-02
2.11113133e-02
0.00000000e+00
2.54340529e-01
0.00000000e+00
0.00000000e+00
2.50789225e-02
7.03455657e-02
6.59744889e-02
6.59744889e-02
6.59744889e-02
6.59744889e-02
6.59744889e-02
6.59744889e-02
0.00000000e+00
1.03595860e-01
2.98581243e-01
3.03726733e-01
3.89718264e-01
2.88096994e-01
0.00000000e+00
0.00000000e+00
0.00000000e+00
0.00000000e+00
0.00000000e+00
0.00000000e+00
0.00000000e+00
0.00000000e+00
0.00000000e+00
0.00000000e+00
0.00000000e+00
0.00000000e+00
8.65416750e-02
0.00000000e+00
0.00000000e+00
0.00000000e+00
0.00000000e+00
0.00000000e+00
1.80275768e-01
1.74609601e-01
0.00000000e+00
0.00000000e+00
0.00000000e+00
0.00000000e+00
9.43528041e-02
1.67532235e-01
0.00000000e+00
0.00000000e+00
0.00000000e+00
0.00000000e+00
0.00000000e+00
0.00000000e+00
0.00000000e+00
0.00000000e+00
0.00000000e+00
0.00000000e+00
0.00000000e+00
0.00000000e+00
0.00000000e+00
0.00000000e+00
0.00000000e+00
0.00000000e+00
0.00000000e+00
0.00000000e+00
0.00000000e+00
5.59955835e-02
0.00000000e+00
0.00000000e+00
9.56360027e-02
0.00000000e+00
0.00000000e+00
0.00000000e+00
0.00000000e+00
3.37607339e-02
0.00000000e+00
8.53696644e-01
0.00000000e+00
0.00000000e+00
0.00000000e+00
0.00000000e+00
0.00000000e+00
6.19750500e-01
5.24527371e-01
0.00000000e+00
0.00000000e+00
0.00000000e+00
0.00000000e+00
0.00000000e+00
5.24215341e-01
0.00000000e+00
0.00000000e+00
0.00000000e+00
0.00000000e+00
0.00000000e+00
6.94177628e-01
4.37273264e-01
0.00000000e+00
0.00000000e+00
1.37288347e-02
7.40417838e-03
0.00000000e+00
4.32625383e-01
6.27512932e-02
7.40417093e-03
6.00916184e-02
3.47162932e-02
3.01366597e-02
3.01366597e-02
3.01366597e-02
3.01366597e-02
3.01366597e-02
3.01366597e-02
2.63731182e-03
0.00000000e+00
0.00000000e+00
0.00000000e+00
0.00000000e+00
0.00000000e+00
0.00000000e+00
5.55602312e-02
8.33912790e-01
1.37299860e+00
1.48493016e+00
1.01335263e+00
0.00000000e+00
0.00000000e+00
0.00000000e+00
0.00000000e+00
5.15789166e-02
1.62131429e-01
0.00000000e+00
0.00000000e+00
0.00000000e+00
0.00000000e+00
0.00000000e+00
0.00000000e+00
0.00000000e+00
0.00000000e+00
0.00000000e+00
0.00000000e+00
0.00000000e+00
0.00000000e+00
0.00000000e+00
0.00000000e+00
0.00000000e+00
0.00000000e+00
0.00000000e+00
2.13404968e-02
8.78459513e-02
1.06383872e+00
8.24701786e-01
5.26746884e-02
1.75329000e-02
1.75329000e-02
6.04868680e-02
0.00000000e+00
0.00000000e+00
0.00000000e+00
0.00000000e+00
0.00000000e+00
3.65284905e-02
2.37179846e-02
1.02044083e-01
0.00000000e+00
0.00000000e+00
0.00000000e+00
0.00000000e+00
3.65284905e-02
2.37179846e-02
9.64503661e-02
0.00000000e+00
0.00000000e+00
1.30333930e-01
0.00000000e+00
3.65284905e-02
2.37179846e-02
5.81640750e-03
3.09850276e-02
1.70820206e-01
5.18475175e-01
0.00000000e+00
3.65284905e-02
2.37179846e-02
0.00000000e+00
0.00000000e+00
4.50565934e-01
0.00000000e+00
0.00000000e+00
3.65284905e-02
2.37179846e-02
0.00000000e+00
3.74695629e-01
4.61809278e-01
0.00000000e+00
0.00000000e+00
3.65284905e-02
2.37179846e-02
0.00000000e+00
5.42298853e-01
0.00000000e+00
0.00000000e+00
0.00000000e+00
6.25296831e-02
4.99343425e-02
4.99343425e-02
4.99343425e-02
4.99343425e-02
4.99343425e-02
4.99343425e-02
8.50787908e-02
9.62393731e-02
6.85149550e-01
1.01002443e+00
1.17602301e+00
1.18841457e+00
6.71711504e-01
3.18601392e-02
0.00000000e+00
0.00000000e+00
0.00000000e+00
0.00000000e+00
0.00000000e+00
1.12529144e-01
3.18601392e-02
3.54687870e-03
1.22213297e-01
2.29192510e-01
4.08248752e-01
0.00000000e+00
0.00000000e+00
3.18601392e-02
0.00000000e+00
0.00000000e+00
2.36111224e-01
2.63049573e-01
0.00000000e+00
0.00000000e+00
3.18601392e-02
0.00000000e+00
5.31426072e-02
2.44910598e-01
0.00000000e+00
0.00000000e+00
0.00000000e+00
3.18601392e-02
0.00000000e+00
0.00000000e+00
0.00000000e+00
0.00000000e+00
0.00000000e+00
0.00000000e+00
3.58544849e-02
0.00000000e+00
0.00000000e+00
0.00000000e+00
0.00000000e+00
0.00000000e+00
0.00000000e+00
3.65410000e-03
0.00000000e+00
8.90394673e-02
1.01455823e-02
0.00000000e+00
0.00000000e+00
0.00000000e+00
3.65410000e-03
0.00000000e+00
0.00000000e+00
2.06427813e-01
2.03480810e-01
2.68323869e-01
0.00000000e+00
3.65410000e-03
0.00000000e+00
0.00000000e+00
0.00000000e+00
9.75574553e-03
0.00000000e+00
0.00000000e+00
3.65410000e-03
0.00000000e+00
0.00000000e+00
0.00000000e+00
0.00000000e+00
1.66298077e-02
0.00000000e+00
3.65410000e-03
0.00000000e+00
0.00000000e+00
0.00000000e+00
0.00000000e+00
0.00000000e+00
0.00000000e+00
3.65410000e-03
0.00000000e+00
0.00000000e+00
6.97509870e-02
9.33069512e-02
0.00000000e+00
0.00000000e+00
1.21395528e-01
0.00000000e+00
0.00000000e+00
0.00000000e+00
0.00000000e+00
0.00000000e+00
0.00000000e+00
6.88408762e-02
0.00000000e+00
0.00000000e+00
0.00000000e+00
0.00000000e+00
4.22046110e-02
0.00000000e+00
2.09622160e-02
0.00000000e+00
6.58199191e-03
2.72966027e-02
5.16760349e-02
1.38255537e-01
1.42674014e-01
2.09622160e-02
0.00000000e+00
0.00000000e+00
0.00000000e+00
2.71710783e-01
0.00000000e+00
0.00000000e+00
2.09622160e-02
0.00000000e+00
0.00000000e+00
9.63468701e-02
2.16451883e-01
2.57760957e-02
0.00000000e+00
2.09622160e-02
0.00000000e+00
0.00000000e+00
3.13211620e-01
7.89958984e-03
2.62913108e-02
0.00000000e+00
2.09622160e-02
0.00000000e+00
0.00000000e+00
1.13725297e-01
5.47375232e-02
0.00000000e+00
0.00000000e+00
2.09622160e-02
0.00000000e+00
0.00000000e+00
0.00000000e+00
0.00000000e+00
0.00000000e+00
0.00000000e+00
0.00000000e+00
6.83502853e-03
2.41639271e-01
0.00000000e+00
0.00000000e+00
0.00000000e+00
1.24762446e-01
0.00000000e+00
0.00000000e+00
1.17842719e-01
0.00000000e+00
1.28906369e-02
1.45187035e-01
3.79874781e-02
0.00000000e+00
0.00000000e+00
0.00000000e+00
4.53814417e-02
4.20880497e-01
0.00000000e+00
0.00000000e+00
0.00000000e+00
0.00000000e+00
0.00000000e+00
1.98100179e-01
1.11169532e-01
0.00000000e+00
0.00000000e+00
0.00000000e+00
0.00000000e+00
9.06698406e-04
3.37453187e-01
0.00000000e+00
4.45468426e-02
0.00000000e+00
0.00000000e+00
0.00000000e+00
0.00000000e+00
4.48437512e-01
0.00000000e+00
0.00000000e+00
0.00000000e+00
7.19286054e-02
1.11988559e-01
4.17316705e-02
4.17316705e-02
4.17316705e-02
4.17316705e-02
4.17316705e-02
6.23135380e-02
1.39131159e-01
5.16067445e-01
0.00000000e+00
0.00000000e+00
0.00000000e+00
0.00000000e+00
0.00000000e+00
1.33665189e-01
0.00000000e+00
1.30909458e-02
0.00000000e+00
4.22777534e-01
0.00000000e+00
0.00000000e+00
5.81570938e-02
0.00000000e+00
7.02756792e-02
7.96072662e-01
4.39640343e-01
4.06244472e-02
0.00000000e+00
5.81570938e-02
0.00000000e+00
4.41075444e-01
6.44428670e-01
0.00000000e+00
5.23487329e-02
0.00000000e+00
5.81570938e-02
4.00518626e-02
7.55819559e-01
0.00000000e+00
1.03858165e-01
0.00000000e+00
0.00000000e+00
6.54515475e-02
1.23099379e-01
4.55160439e-01
2.19822302e-01
8.06906372e-02
3.70113589e-02
3.70113589e-02
0.00000000e+00
0.00000000e+00
0.00000000e+00
0.00000000e+00
0.00000000e+00
0.00000000e+00
0.00000000e+00
0.00000000e+00
9.70541686e-03
0.00000000e+00
0.00000000e+00
0.00000000e+00
0.00000000e+00
0.00000000e+00
0.00000000e+00
6.90982789e-02
2.69074589e-01
4.94917452e-01
9.71185565e-01
0.00000000e+00
0.00000000e+00
0.00000000e+00
0.00000000e+00
0.00000000e+00
5.27069628e-01
2.28379339e-01
0.00000000e+00
0.00000000e+00
0.00000000e+00
0.00000000e+00
3.14246863e-03
3.67078215e-01
0.00000000e+00
0.00000000e+00
0.00000000e+00
0.00000000e+00
0.00000000e+00
5.50568104e-01
0.00000000e+00
0.00000000e+00
0.00000000e+00
0.00000000e+00
0.00000000e+00
0.00000000e+00
2.39793152e-01
1.76260173e-01
0.00000000e+00
0.00000000e+00
2.40474045e-02
0.00000000e+00
0.00000000e+00
0.00000000e+00
0.00000000e+00
0.00000000e+00
0.00000000e+00
0.00000000e+00
0.00000000e+00
0.00000000e+00
0.00000000e+00
0.00000000e+00
0.00000000e+00
1.18160039e-01
0.00000000e+00
0.00000000e+00
1.66627616e-01
3.04791182e-02
0.00000000e+00
0.00000000e+00
2.51679063e-01
0.00000000e+00
0.00000000e+00
0.00000000e+00
0.00000000e+00
0.00000000e+00
6.99597836e-01
4.84941363e-01
0.00000000e+00
0.00000000e+00
0.00000000e+00
0.00000000e+00
2.30441391e-01
7.28799939e-01
0.00000000e+00
0.00000000e+00
0.00000000e+00
0.00000000e+00
0.00000000e+00
6.79346919e-01
3.38889211e-01
0.00000000e+00
0.00000000e+00
0.00000000e+00
2.46433988e-02
1.97982058e-01
4.51462567e-01
0.00000000e+00
0.00000000e+00
2.34937891e-02
0.00000000e+00
0.00000000e+00
0.00000000e+00
0.00000000e+00
0.00000000e+00
0.00000000e+00
0.00000000e+00
0.00000000e+00
3.50628018e-01
3.29199314e-01
0.00000000e+00
0.00000000e+00
0.00000000e+00
0.00000000e+00
7.45965689e-02
5.34872234e-01
5.88096797e-01
8.02627146e-01
7.60521710e-01
4.92626011e-01
0.00000000e+00
0.00000000e+00
0.00000000e+00
0.00000000e+00
3.02980632e-01
5.41009843e-01
0.00000000e+00
0.00000000e+00
0.00000000e+00
0.00000000e+00
0.00000000e+00
6.47195637e-01
1.92255750e-01
0.00000000e+00
0.00000000e+00
0.00000000e+00
0.00000000e+00
6.27097368e-01
8.35986614e-01
0.00000000e+00
0.00000000e+00
0.00000000e+00
1.22325420e-01
1.31095484e-01
5.77825725e-01
2.81466663e-01
2.37761401e-02
2.37761214e-02
2.37761214e-02
0.00000000e+00
0.00000000e+00
0.00000000e+00
0.00000000e+00
0.00000000e+00
0.00000000e+00
1.33235566e-02
3.02533805e-03
2.99480110e-02
1.61013052e-01
1.29497543e-01
7.10547119e-02
1.46834046e-01
1.41654313e-02
0.00000000e+00
1.36019722e-01
3.38460326e-01
2.18443051e-01
3.36618006e-01
0.00000000e+00
0.00000000e+00
0.00000000e+00
5.29576838e-03
9.83974487e-02
2.40518197e-01
3.27590168e-01
0.00000000e+00
0.00000000e+00
0.00000000e+00
0.00000000e+00
0.00000000e+00
4.74109501e-02
0.00000000e+00
1.22902393e-02
0.00000000e+00
0.00000000e+00
0.00000000e+00
0.00000000e+00
1.06115788e-02
4.41515297e-02
0.00000000e+00
0.00000000e+00
0.00000000e+00
0.00000000e+00
0.00000000e+00
1.37951314e-01
0.00000000e+00
0.00000000e+00
0.00000000e+00
3.22327875e-02
0.00000000e+00
0.00000000e+00
0.00000000e+00
0.00000000e+00
0.00000000e+00
0.00000000e+00
0.00000000e+00
9.03600007e-02
0.00000000e+00
0.00000000e+00
0.00000000e+00
0.00000000e+00
0.00000000e+00
0.00000000e+00
0.00000000e+00
2.30933204e-02
0.00000000e+00
1.11554243e-01
6.64760023e-02
0.00000000e+00
0.00000000e+00
0.00000000e+00
0.00000000e+00
0.00000000e+00
1.85637191e-01
0.00000000e+00
0.00000000e+00
0.00000000e+00
0.00000000e+00
0.00000000e+00
4.65303808e-02
0.00000000e+00
0.00000000e+00
0.00000000e+00
0.00000000e+00
0.00000000e+00
1.99590877e-01
1.02514289e-01
0.00000000e+00
0.00000000e+00
0.00000000e+00
0.00000000e+00
0.00000000e+00
1.95129901e-01
2.79255927e-01
0.00000000e+00
0.00000000e+00
0.00000000e+00
0.00000000e+00
0.00000000e+00
0.00000000e+00
0.00000000e+00
0.00000000e+00
0.00000000e+00
0.00000000e+00
0.00000000e+00
2.60525167e-01
4.43384588e-01
1.28663421e-01
3.77200916e-02
0.00000000e+00
0.00000000e+00
0.00000000e+00
3.44895363e-01
6.57083690e-01
9.25965369e-01
9.07792091e-01
1.71811417e-01
0.00000000e+00
0.00000000e+00
0.00000000e+00
0.00000000e+00
0.00000000e+00
4.68086004e-02
1.22186244e-02
0.00000000e+00
0.00000000e+00
0.00000000e+00
0.00000000e+00
4.59243469e-02
1.13639988e-01
0.00000000e+00
0.00000000e+00
0.00000000e+00
0.00000000e+00
1.25889421e-01
1.60734743e-01
1.82566941e-02
0.00000000e+00
0.00000000e+00
6.24397397e-03
0.00000000e+00
4.93239105e-01
4.09655154e-01
0.00000000e+00
0.00000000e+00
0.00000000e+00
0.00000000e+00
0.00000000e+00
0.00000000e+00
0.00000000e+00
0.00000000e+00
0.00000000e+00
2.16954499e-02
0.00000000e+00
2.05241576e-01
1.25294477e-02
1.59627497e-02
8.78640264e-02
0.00000000e+00
2.16954499e-02
0.00000000e+00
9.17792767e-02
4.56827134e-02
0.00000000e+00
6.50279284e-01
1.23327598e-01
2.16954499e-02
0.00000000e+00
0.00000000e+00
0.00000000e+00
0.00000000e+00
1.38738796e-01
0.00000000e+00
2.16954499e-02
0.00000000e+00
0.00000000e+00
0.00000000e+00
0.00000000e+00
3.27615589e-02
0.00000000e+00
2.16954499e-02
0.00000000e+00
0.00000000e+00
6.46657795e-02
1.11693129e-01
0.00000000e+00
0.00000000e+00
2.16954499e-02
2.73944810e-02
0.00000000e+00
1.64567873e-01
1.87245265e-01
0.00000000e+00
0.00000000e+00
2.16954499e-02
0.00000000e+00
0.00000000e+00
0.00000000e+00
0.00000000e+00
0.00000000e+00
0.00000000e+00
6.82120323e-02
0.00000000e+00
0.00000000e+00
0.00000000e+00
0.00000000e+00
0.00000000e+00
0.00000000e+00
0.00000000e+00
0.00000000e+00
5.67274019e-02
5.54940924e-02
1.13310888e-02
3.04225445e-01
4.23883766e-01
0.00000000e+00
0.00000000e+00
0.00000000e+00
0.00000000e+00
0.00000000e+00
5.11198759e-01
3.14406127e-01
0.00000000e+00
0.00000000e+00
0.00000000e+00
0.00000000e+00
4.00406718e-01
5.37327468e-01
1.59794390e-02
0.00000000e+00
0.00000000e+00
0.00000000e+00
0.00000000e+00
5.42864978e-01
2.42367610e-01
0.00000000e+00
0.00000000e+00
0.00000000e+00
0.00000000e+00
3.02868098e-01
5.08906126e-01
0.00000000e+00
0.00000000e+00
0.00000000e+00
0.00000000e+00
0.00000000e+00
0.00000000e+00
0.00000000e+00
0.00000000e+00
0.00000000e+00
0.00000000e+00
0.00000000e+00
1.03260994e-01
2.08084375e-01
0.00000000e+00
0.00000000e+00
0.00000000e+00
0.00000000e+00
0.00000000e+00
1.23328291e-01
0.00000000e+00
0.00000000e+00
1.27199143e-02
0.00000000e+00
0.00000000e+00
0.00000000e+00
0.00000000e+00
0.00000000e+00
2.96898246e-01
5.03843546e-01
0.00000000e+00
0.00000000e+00
0.00000000e+00
0.00000000e+00
0.00000000e+00
4.81785357e-01
0.00000000e+00
0.00000000e+00
0.00000000e+00
0.00000000e+00
0.00000000e+00
5.05190492e-01
4.83837426e-01
0.00000000e+00
0.00000000e+00
0.00000000e+00
0.00000000e+00
1.99753046e-03
3.68297696e-01
0.00000000e+00
0.00000000e+00
0.00000000e+00
0.00000000e+00
5.88303693e-02
1.20526999e-02
1.20526999e-02
1.20526999e-02
1.20526999e-02
1.20526999e-02
1.20526999e-02
0.00000000e+00
7.13311359e-02
0.00000000e+00
6.75396621e-03
0.00000000e+00
0.00000000e+00
0.00000000e+00
0.00000000e+00
3.02654445e-01
6.65867031e-01
5.48943520e-01
4.44758803e-01
7.74876401e-02
0.00000000e+00
0.00000000e+00
0.00000000e+00
0.00000000e+00
0.00000000e+00
0.00000000e+00
1.75995752e-02
0.00000000e+00
0.00000000e+00
0.00000000e+00
0.00000000e+00
0.00000000e+00
0.00000000e+00
0.00000000e+00
0.00000000e+00
0.00000000e+00
0.00000000e+00
0.00000000e+00
0.00000000e+00
0.00000000e+00
0.00000000e+00
0.00000000e+00
0.00000000e+00
0.00000000e+00
1.23995252e-01
4.81964089e-02
8.56041163e-03
0.00000000e+00
0.00000000e+00
3.55921239e-02
0.00000000e+00
0.00000000e+00
0.00000000e+00
0.00000000e+00
0.00000000e+00
0.00000000e+00
0.00000000e+00
0.00000000e+00
3.09522688e-01
2.58901834e-01
1.71244800e-01
1.22143492e-01
0.00000000e+00
0.00000000e+00
1.66023411e-02
0.00000000e+00
1.35214135e-01
3.13302815e-01
1.02947809e-01
0.00000000e+00
0.00000000e+00
0.00000000e+00
0.00000000e+00
6.39677793e-02
0.00000000e+00
0.00000000e+00
0.00000000e+00
0.00000000e+00
0.00000000e+00
4.29997370e-02
0.00000000e+00
0.00000000e+00
0.00000000e+00
0.00000000e+00
0.00000000e+00
0.00000000e+00
7.11266324e-02
0.00000000e+00
0.00000000e+00
0.00000000e+00
0.00000000e+00
0.00000000e+00
0.00000000e+00
0.00000000e+00
0.00000000e+00
1.08519085e-02
0.00000000e+00
0.00000000e+00
0.00000000e+00
0.00000000e+00
0.00000000e+00
0.00000000e+00
0.00000000e+00
0.00000000e+00
0.00000000e+00
0.00000000e+00
0.00000000e+00
0.00000000e+00
0.00000000e+00
0.00000000e+00
0.00000000e+00
0.00000000e+00
0.00000000e+00
4.02768821e-01
1.77402377e-01
1.12163365e-01
0.00000000e+00
2.12912306e-01
0.00000000e+00
0.00000000e+00
0.00000000e+00
0.00000000e+00
0.00000000e+00
5.52304804e-01
3.44903171e-01
0.00000000e+00
0.00000000e+00
0.00000000e+00
0.00000000e+00
6.65134668e-01
6.18097126e-01
0.00000000e+00
0.00000000e+00
0.00000000e+00
0.00000000e+00
0.00000000e+00
6.84596837e-01
2.21907467e-01
0.00000000e+00
0.00000000e+00
7.66059682e-02
2.51634270e-02
5.43724358e-01
6.16021097e-01
0.00000000e+00
0.00000000e+00
1.33104771e-02
8.51284638e-02
0.00000000e+00
0.00000000e+00
0.00000000e+00
0.00000000e+00
0.00000000e+00
0.00000000e+00
6.98949397e-03
1.41416892e-01
2.87476331e-02
0.00000000e+00
0.00000000e+00
0.00000000e+00
0.00000000e+00
6.98949397e-03
8.38449597e-02
2.38814093e-02
3.69085670e-02
3.54230076e-01
2.43334934e-01
0.00000000e+00
6.98949397e-03
0.00000000e+00
0.00000000e+00
0.00000000e+00
3.27118039e-01
3.48362736e-02
0.00000000e+00
6.98949397e-03
0.00000000e+00
0.00000000e+00
1.63784951e-01
2.72078335e-01
0.00000000e+00
0.00000000e+00
6.98949397e-03
0.00000000e+00
4.68768999e-02
3.50721985e-01
0.00000000e+00
0.00000000e+00
0.00000000e+00
6.98949397e-03
0.00000000e+00
1.65074185e-01
3.66146117e-01
0.00000000e+00
0.00000000e+00
0.00000000e+00
7.50353187e-03
0.00000000e+00
0.00000000e+00
0.00000000e+00
0.00000000e+00
0.00000000e+00
0.00000000e+00
0.00000000e+00
3.64514589e-02
3.93301845e-01
2.05124795e-01
6.87610209e-02
0.00000000e+00
0.00000000e+00
0.00000000e+00
0.00000000e+00
0.00000000e+00
0.00000000e+00
0.00000000e+00
2.24870071e-01
0.00000000e+00
0.00000000e+00
0.00000000e+00
0.00000000e+00
0.00000000e+00
5.42873621e-01
7.49532998e-01
0.00000000e+00
0.00000000e+00
0.00000000e+00
0.00000000e+00
0.00000000e+00
7.46319830e-01
0.00000000e+00
0.00000000e+00
0.00000000e+00
0.00000000e+00
0.00000000e+00
7.02710032e-01
6.70064390e-01
0.00000000e+00
0.00000000e+00
0.00000000e+00
0.00000000e+00
0.00000000e+00
5.16280174e-01
0.00000000e+00
0.00000000e+00
0.00000000e+00
0.00000000e+00
0.00000000e+00
0.00000000e+00
0.00000000e+00
0.00000000e+00
0.00000000e+00
2.88409591e-02
2.82992534e-02
2.34768540e-01
8.15488815e-01
9.04184520e-01
8.84064198e-01
5.80192566e-01
5.20600826e-02
0.00000000e+00
0.00000000e+00
2.52572984e-01
6.52373075e-01
7.03374207e-01
3.96106869e-01
4.80684489e-02
0.00000000e+00
0.00000000e+00
0.00000000e+00
8.09720904e-03
0.00000000e+00
7.61469603e-02
0.00000000e+00
0.00000000e+00
0.00000000e+00
7.48869553e-02
0.00000000e+00
5.52602485e-02
0.00000000e+00
0.00000000e+00
0.00000000e+00
0.00000000e+00
9.15948749e-02
1.04055002e-01
3.10026556e-02
0.00000000e+00
0.00000000e+00
0.00000000e+00
0.00000000e+00
0.00000000e+00
3.07825729e-02
7.52045661e-02
0.00000000e+00
0.00000000e+00
0.00000000e+00
0.00000000e+00
0.00000000e+00
0.00000000e+00
0.00000000e+00
0.00000000e+00
3.25647257e-02
0.00000000e+00
4.14837226e-02
1.77636147e-01
7.29552656e-02
1.60697341e-01
2.41665006e-01
0.00000000e+00
0.00000000e+00
0.00000000e+00
0.00000000e+00
0.00000000e+00
1.21346377e-01
1.76775873e-01
1.54733136e-02
0.00000000e+00
0.00000000e+00
0.00000000e+00
0.00000000e+00
0.00000000e+00
1.71367079e-01
0.00000000e+00
0.00000000e+00
0.00000000e+00
0.00000000e+00
0.00000000e+00
1.72890335e-01
1.77534729e-01
0.00000000e+00
0.00000000e+00
0.00000000e+00
0.00000000e+00
6.04201481e-02
2.77522892e-01
0.00000000e+00
0.00000000e+00
0.00000000e+00
0.00000000e+00
0.00000000e+00
1.85752213e-01
1.66111171e-01
0.00000000e+00
2.29039788e-02
